     0.432826  1.89583e+09       57650.585       128.90679
      1.20230  3.77379e+09       551455.30       142.82140
      1.97176  3.96104e+09       2347451.6       149.47623
      2.74123  3.66921e+09       5502574.3       155.25935
      3.51070  3.09581e+09       9491285.1       160.54680
      4.28017  2.53785e+09       15619914.       165.45583
      5.04964  2.04789e+09       20642687.       169.75126
      5.81911  1.75137e+09       28957509.       173.27586
      6.58858  1.38037e+09       39004785.       175.95763
      7.35805  1.16436e+09       43159465.       177.95345
      8.12752  9.61227e+08       48163365.       179.51268
      8.89699  7.99762e+08       55389564.       180.79658
      9.66646  6.58453e+08       62165487.       181.85366
      10.4359  5.28887e+08       70266811.       182.67408
      11.2054  4.75275e+08       79820921.       183.24401
      11.9749  4.32514e+08       90748590.       183.56785
      12.7443  3.80698e+08       95789192.       183.70015
      13.5138  2.80945e+08       99869982.       183.73041
      14.2833  2.48397e+08   1.0486493e+08       183.73208
      15.0527  1.89577e+08   1.0912421e+08       183.73208
      15.8222  1.82442e+08   1.1481829e+08       183.73208
      16.5917  1.36898e+08   1.2111218e+08       183.73208
      17.3611  1.34727e+08   1.2791553e+08       183.73208
      18.1306  8.61007e+07   1.3298910e+08       183.73208
      18.9001  8.61007e+07   1.3493977e+08       183.73208
      19.6696  5.13798e+07   1.3468725e+08       183.73208
      20.4390  3.92295e+07   1.3005089e+08       183.73208
      21.2085  3.81703e+07   1.2343343e+08       183.64914
      21.9780  3.41516e+07   1.1464297e+08       183.43660
