#ID  RA(hh:mm:ss) DEC(deg:':'')  Vmag	       V-I color  vel(km/s)    vel_err(km/s)  membership_prob
0001 10 14 25.29 -01 42 53.7     19.70000      0.62000    270.20000      1.70000      0.00000
0002 10 14 31.87 -01 39 06.6      0.00000      0.00000     47.10000      1.40000      0.00000
0003 10 14 27.43 -01 37 24.8      0.00000      0.00000    123.30000      2.00000      0.00000
0004 10 14 18.28 -01 44 08.4     18.49000      1.33000     30.10000      1.80000      0.00000
0005 10 14 18.50 -01 39 59.3     18.06000      1.25000     32.40000      1.30000      0.00000
0006 10 14 20.25 -01 39 23.0     19.77000      0.73000    271.60000      1.80000      0.00000
0007 10 14 17.73 -01 38 28.7     19.42000      0.58000    145.90000      2.00000      0.00000
0008 10 14 06.42 -01 34 50.0     17.55000      1.26000     -9.00000      1.70000      0.00000
0009 10 14 08.40 -01 35 49.1     19.52000      0.90000    226.10000      1.70000      0.99800
0010 10 14 17.31 -01 35 55.0      0.00000      0.00000    -39.80000      1.60000      0.00000
0011 10 14 15.20 -01 36 16.9     19.77000      1.02000     64.60000      0.80000      0.00000
0012 10 14 21.75 -01 31 45.0     18.12000      0.82000    317.00000      1.50000      0.00000
0013 10 14 16.38 -01 44 00.5     20.36000      1.20000    110.90000      3.50000      0.00000
0014 10 14 01.64 -01 45 32.9     18.77000      1.17000     16.80000      1.40000      0.00000
0015 10 13 55.24 -01 33 20.5     19.80000      0.95000    223.90000      1.40000      0.99700
0016 10 13 53.66 -01 35 24.8     18.74000      1.07000    225.40000      0.60000      0.99900
0017 10 14 08.25 -01 30 22.4     18.56000      1.06000    206.20000      1.10000      0.96400
0018 10 13 50.82 -01 45 12.3     17.52000      1.30000    240.30000      1.20000      0.98200
0019 10 13 49.26 -01 40 50.8     18.77000      1.03000    223.00000      0.80000      0.99800
0020 10 13 47.54 -01 42 38.5     18.67000      0.80000      4.30000      4.10000      0.00000
0021 10 13 37.08 -01 32 29.0     19.87000      0.78000    222.60000      3.80000      0.99800
0022 10 13 40.26 -01 33 39.8     18.04000      1.21000    233.30000      0.60000      0.99700
0023 10 13 41.45 -01 35 39.0     19.23000      1.01000    232.10000      1.70000      0.99900
0024 10 13 44.99 -01 36 30.9     19.14000      0.95000    212.70000      1.10000      0.99800
0025 10 13 42.27 -01 31 24.7     18.70000      1.09000    220.60000      0.60000      0.99900
0026 10 13 38.67 -01 40 45.9     18.83000      1.06000    221.50000      0.80000      1.00000
0027 10 13 30.59 -01 41 35.3     19.19000      0.98000     79.50000      1.00000      0.00000
0028 10 13 27.49 -01 36 27.3     18.28000      1.01000     76.70000      0.40000      0.00000
0029 10 13 26.94 -01 37 10.1      0.00000      0.00000     48.50000      0.60000      0.00000
0030 10 13 33.65 -01 35 27.2     18.74000      1.09000    223.00000      0.90000      0.99900
0031 10 14 01.27 -01 33 59.3     18.47000      0.85000     15.60000      0.50000      0.00000
0032 10 13 43.90 -01 38 47.9     19.59000      0.78000    223.70000      1.50000      0.99700
0033 10 13 10.03 -01 33 30.8     19.17000      0.64000    269.60000      1.70000      0.00100
0034 10 13 07.94 -01 32 09.0      0.00000      0.00000     43.50000      1.70000      0.00000
0035 10 13 10.53 -01 31 15.4     17.71000      1.30000    228.60000      0.50000      0.99500
0036 10 13 05.77 -01 30 43.2     19.54000      0.66000    183.60000      0.90000      0.00000
0037 10 13 00.66 -01 30 35.6     20.15000      0.98000    215.20000      1.60000      0.99600
0038 10 13 03.50 -01 26 02.3     20.19000      0.60000     38.70000      5.00000      0.00000
0039 10 13 05.93 -01 28 00.3     18.16000      1.17000    223.90000      0.50000      0.99900
0040 10 13 11.35 -01 23 04.5     17.99000      0.88000      3.80000      0.40000      0.00000
0041 10 13 17.15 -01 26 38.1     18.94000      1.02000    241.40000      0.50000      0.99400
0042 10 12 59.18 -01 34 42.6     20.04000      0.96000    217.20000      1.30000      1.00000
0043 10 13 01.34 -01 34 42.9     18.59000      1.12000    224.10000      0.50000      1.00000
0044 10 13 00.33 -01 31 47.7     19.99000      0.87000    227.70000      1.10000      1.00000
0045 10 12 58.11 -01 28 43.4     19.34000      0.76000    104.10000      0.60000      0.00000
0046 10 12 58.84 -01 28 25.8     19.82000      1.00000    227.30000      0.80000      0.99900
0047 10 12 59.49 -01 28 03.4     19.55000      0.93000    217.90000      1.60000      0.99900
0048 10 12 52.40 -01 35 07.3     20.31000      0.98000    220.70000      2.20000      1.00000
0049 10 12 53.33 -01 34 40.6     19.45000      1.01000    229.90000      1.10000      1.00000
0050 10 12 46.57 -01 23 47.6     18.51000      1.03000    212.50000      0.50000      0.99800
0051 10 12 48.47 -01 23 56.8     17.69000      1.23000     -7.50000      1.00000      0.00000
0052 10 12 46.44 -01 24 31.9     19.04000      1.01000    221.00000      2.10000      0.99800
0053 10 12 54.83 -01 24 30.9     19.32000      0.83000    147.00000      0.50000      0.00000
0054 10 13 01.44 -01 23 43.9     19.74000      1.12000      3.70000      1.10000      0.00000
0055 10 13 00.60 -01 25 47.0     17.67000      1.12000    109.70000      0.70000      0.00000
0056 10 12 45.62 -01 35 46.1     20.09000      0.95000    231.50000      1.30000      0.99900
0057 10 12 45.21 -01 33 34.8     17.84000      0.76000     44.50000      0.30000      0.00000
0058 10 12 46.81 -01 31 58.1     19.31000      1.03000    223.40000      0.70000      0.99900
0059 10 12 46.35 -01 30 15.3     18.25000      1.18000     23.60000      1.00000      0.00000
0060 10 12 47.99 -01 29 38.7     18.98000      0.94000    222.80000      1.90000      0.99900
0061 10 12 43.35 -01 32 05.1     17.91000      1.23000     56.30000      0.70000      0.00000
0062 10 12 40.91 -01 32 01.2     19.28000      0.97000    215.40000      0.90000      0.99900
0063 10 12 42.83 -01 30 08.3     18.99000      0.98000    212.80000      3.10000      0.99200
0064 10 12 43.90 -01 28 32.6     17.34000      1.27000     23.40000      1.50000      0.00000
0065 10 12 32.95 -01 19 14.1      0.00000      0.00000     12.00000      3.10000      0.00000
0066 10 12 35.07 -01 23 47.3     19.50000      0.96000    241.10000      4.30000      0.95700
0067 10 12 33.29 -01 32 22.8     19.28000      0.98000    244.40000      2.30000      0.98700
0068 10 12 32.68 -01 32 08.8     19.82000      0.90000    131.00000      0.60000      0.00000
0069 10 12 33.88 -01 31 59.0     20.14000      0.94000    228.10000      2.20000      0.99900
0070 10 12 29.66 -01 35 36.2     20.12000      0.79000    129.10000      1.60000      0.00000
0071 10 12 29.94 -01 34 31.8     19.41000      0.99000    204.20000      4.20000      0.98700
0072 10 12 25.56 -01 33 26.9     18.93000      0.55000    287.30000      4.90000      0.00000
0073 10 12 25.93 -01 32 38.8     19.25000      1.02000    230.20000      1.50000      0.99900
0074 10 12 15.86 -01 27 25.1      0.00000      0.00000    230.60000      1.30000      0.99700
0075 10 12 25.23 -01 22 25.8      0.00000      0.00000    220.20000      0.60000      0.99900
0076 10 13 18.32 -01 29 31.6     18.06000      1.21000    224.50000      0.40000      0.99800
0077 10 12 48.61 -01 30 16.1     18.12000      0.85000    133.80000      0.80000      0.00000
0078 10 12 14.87 -01 30 32.0     19.06000      1.04000    226.30000      4.60000      0.99900
0079 10 13 39.93 -01 40 49.2     18.97000      0.69000    152.10000      0.50000      0.00000
0080 10 13 30.14 -01 40 20.0     19.40000      0.99000    231.40000      2.00000      0.99800
0081 10 13 29.78 -01 38 22.4     19.82000     99.00000    228.90000      3.10000      0.99900
0082 10 13 26.42 -01 36 36.2     19.88000      0.96000    213.90000      3.90000      0.99700
0083 10 13 27.54 -01 34 04.1     20.06000      0.83000    232.80000      1.20000      0.99700
0084 10 13 34.81 -01 37 54.0     20.28000      0.64000    233.80000      5.20000      0.55400
0085 10 13 43.08 -01 38 05.6     18.81000      0.82000    150.80000      0.90000      0.00000
0086 10 13 09.94 -01 29 34.9     19.32000      1.01000    232.30000      2.30000      0.99800
0087 10 13 06.68 -01 34 19.5     19.84000      0.96000    222.80000      3.10000      1.00000
0088 10 13 15.64 -01 29 22.2     20.02000      0.96000    224.00000      0.90000      0.99900
0089 10 12 54.01 -01 31 34.3     19.72000     99.00000    218.20000      1.90000      0.99900
0090 10 13 40.21 -01 38 48.5     18.95000      1.04000    242.90000      1.40000      0.98800
0091 10 13 36.90 -01 38 28.4     19.65000      0.92000     54.10000      0.50000      0.00000
0092 10 13 23.72 -01 35 36.3     18.69000      1.04000    223.40000      0.80000      0.99900
0093 10 13 22.07 -01 36 17.2     19.85000      0.95000    232.60000      4.80000      0.99900
0094 10 13 27.48 -01 43 44.5      0.00000      0.00000   -115.00000      5.70000      0.00000
0095 10 13 14.67 -01 33 40.9     20.01000      0.96000    231.10000      4.80000      0.99900
0096 10 13 16.00 -01 34 39.7     19.35000      0.99000    218.50000      1.10000      0.99900
0097 10 13 17.61 -01 30 07.3     20.39000      0.73000    221.00000      2.30000      0.99900
0098 10 13 16.66 -01 32 41.4     19.95000      0.94000    219.10000      0.50000      0.99900
0099 10 13 19.55 -01 34 31.7     19.88000      0.96000    231.60000      5.00000      0.99800
0100 10 13 18.58 -01 34 50.1     18.04000      1.16000    230.40000      0.50000      0.99900
0101 10 13 08.16 -01 44 50.1     18.35000      1.36000    198.80000      1.70000      0.00000
0102 10 13 10.20 -01 42 07.2     18.80000      1.09000    231.30000      1.60000      0.98900
0103 10 13 05.89 -01 44 51.5     18.45000      1.14000    221.90000      0.60000      0.99900
0104 10 13 07.57 -01 41 13.0     19.34000      0.95000    222.10000      1.50000      1.00000
0105 10 13 08.57 -01 39 12.7     19.04000      0.80000    230.30000      4.60000      1.00000
0106 10 13 04.29 -01 34 58.8     18.44000     99.00000    223.80000      0.90000      1.00000
0107 10 13 03.13 -01 35 39.0     19.40000      0.97000    221.40000      1.70000      1.00000
0108 10 12 48.21 -01 42 23.5     19.44000      0.85000    200.20000      0.70000      0.00000
0109 10 12 49.33 -01 42 17.9     18.70000      1.05000    216.00000      0.80000      0.99900
0110 10 12 39.36 -01 36 13.3     19.79000      0.95000    230.20000      0.70000      0.99900
0111 10 12 47.83 -01 36 10.3     19.07000      1.04000    225.70000      0.70000      1.00000
0112 10 13 12.40 -01 42 08.3     18.20000      1.16000    242.80000      0.70000      0.99500
0113 10 13 03.10 -01 42 14.1     18.45000      1.06000    224.80000      1.20000      1.00000
0114 10 13 36.58 -01 33 17.6     20.33000      0.74000    -13.60000     10.20000      0.00000
0115 10 13 16.72 -01 39 56.7     19.14000      1.06000    221.80000      6.20000      0.99700
0116 10 13 18.76 -01 31 13.8     18.19000      1.18000    217.20000      2.40000      0.99800
0117 10 13 22.90 -01 28 34.8     18.60000      0.76000    195.80000      1.50000      0.00000
0118 10 13 02.06 -01 42 46.3     20.41000      0.73000    125.30000      9.00000      0.00000
0119 10 13 04.92 -01 39 12.8     17.94000      1.18000    224.50000      1.20000      1.00000
0120 10 13 01.37 -01 38 26.6     18.67000      1.09000    232.50000      3.00000      1.00000
0121 10 13 58.30 -01 31 05.3     20.05000      0.96000    223.30000      4.90000      0.99600
0122 10 13 35.72 -01 31 44.9     19.86000      0.78000    221.40000      5.50000      0.99800
0123 10 13 37.26 -01 32 04.5     19.55000      0.93000    222.80000      2.00000      0.97400
0124 10 13 44.01 -01 32 17.3     20.26000      0.81000    218.70000      1.50000      0.99800
0125 10 13 46.12 -01 29 43.6     18.87000      0.95000    222.10000      0.80000      0.99900
0126 10 13 34.99 -01 29 50.0     19.82000      0.98000    226.50000      4.30000      0.99800
0127 10 14 22.31 -01 30 22.7     18.96000      1.02000    215.60000      3.40000      0.98000
0128 10 14 26.12 -01 29 12.6      0.00000      0.00000     23.70000      2.60000      0.00000
0129 10 14 10.92 -01 21 04.8      0.00000      0.00000    223.50000      2.00000      0.99400
0130 10 14 08.86 -01 21 50.9      0.00000      0.00000    223.70000      1.90000      0.99500
0131 10 14 09.01 -01 22 55.4      0.00000      0.00000    289.00000      4.20000      0.00000
0132 10 14 01.53 -01 34 10.8      0.00000      0.00000     17.30000      4.90000      0.00000
0133 10 14 01.52 -01 31 44.0     19.46000      1.01000    232.40000      4.50000      0.99100
0134 10 14 02.87 -01 28 19.0      0.00000      0.00000    232.70000      1.60000      0.71500
0135 10 13 50.28 -01 28 01.1     18.31000      1.08000    139.90000      1.00000      0.00000
0136 10 13 51.13 -01 25 19.9     19.16000      0.97000    225.60000      3.60000      0.99700
0137 10 13 55.11 -01 17 03.8      0.00000      0.00000    218.20000      0.40000      0.98900
0138 10 13 54.50 -01 24 56.3     19.78000      1.00000     97.10000      1.10000      0.00000
0139 10 14 03.30 -01 17 44.0      0.00000      0.00000    -94.90000      4.00000      0.00000
0140 10 14 04.67 -01 23 46.6     18.27000      1.04000    246.70000      2.00000      0.00000
0141 10 14 06.88 -01 24 38.8     20.00000      0.95000    223.50000      3.40000      0.98900
0142 10 13 47.67 -01 28 51.8     20.32000     99.00000    201.60000      3.50000      0.10500
0143 10 13 48.39 -01 26 17.3     20.00000      0.73000    151.70000      2.20000      0.00000
0144 10 13 42.65 -01 27 38.0     20.44000      0.91000    -18.50000      3.50000      0.00000
0145 10 13 45.78 -01 26 44.8     19.57000      0.92000    220.00000      1.10000      0.99500
0146 10 13 46.50 -01 25 50.3     18.65000      1.09000    219.80000      1.00000      0.99800
0147 10 13 34.53 -01 19 11.4      0.00000      0.00000    228.20000      2.20000      0.99400
0148 10 13 38.77 -01 20 00.0      0.00000      0.00000     34.60000      0.60000      0.00000
0149 10 13 36.01 -01 20 42.7      0.00000      0.00000    220.50000      0.60000      0.99700
0150 10 13 41.22 -01 20 52.6      0.00000      0.00000    212.80000      2.10000      0.99000
0151 10 13 42.16 -01 24 39.2     19.91000      0.95000    227.20000      0.90000      0.99800
0152 10 13 38.54 -01 24 51.4     20.37000      0.92000    225.50000      2.30000      0.99700
0153 10 13 40.92 -01 26 22.4     19.52000      0.97000    145.40000      1.80000      0.00000
0154 10 13 45.22 -01 20 22.4      0.00000      0.00000    -21.00000      0.50000      0.00000
0155 10 13 44.19 -01 24 11.4     19.12000      0.95000    226.40000      0.70000      0.99800
0156 10 13 36.29 -01 28 30.2     17.90000      0.95000     36.70000      0.50000      0.00000
0157 10 13 33.53 -01 30 59.4     19.35000      1.03000    222.10000      1.60000      0.99900
0158 10 13 31.56 -01 28 43.0     20.12000      0.89000    223.50000      2.50000      0.99700
0159 10 13 29.52 -01 27 17.1     20.15000     99.00000    167.40000      3.00000      0.00000
0160 10 13 22.95 -01 22 27.1      0.00000      0.00000    226.60000      0.40000      0.99700
0161 10 13 28.56 -01 20 57.9      0.00000      0.00000    166.00000      1.00000      0.00000
0162 10 13 32.39 -01 22 12.9      0.00000      0.00000     96.70000      1.50000      0.00000
0163 10 13 21.74 -01 26 20.6     18.65000      1.08000    229.20000      0.60000      0.99900
0164 10 12 29.46 -01 33 36.9      0.00000      0.00000     89.70000      5.70000      0.00000
0165 10 13 06.88 -01 41 51.0     18.06000      1.12000    -48.00000      1.00000      0.00000
0166 10 12 43.86 -01 42 03.0     19.85000      0.79000    226.40000      2.00000      0.99900
0167 10 13 02.07 -01 44 36.3     20.18000      0.67000    226.10000      1.10000      0.89900
0168 10 12 51.56 -01 37 55.3     20.35000      0.74000    225.40000      2.60000      1.00000
0169 10 13 05.69 -01 40 46.7     20.01000      0.80000    266.10000      1.50000      0.00000
0170 10 12 53.89 -01 45 27.1     18.96000      1.02000    229.20000      0.90000      0.99900
0171 10 12 53.72 -01 45 02.9     19.76000      0.95000    228.20000      1.30000      0.98600
0172 10 12 48.61 -01 36 56.5     18.68000      1.11000    227.30000      0.50000      0.99900
0173 10 12 43.51 -01 43 06.6     18.81000      1.05000    220.80000      0.90000      0.99900
0174 10 12 44.70 -01 42 48.9     18.93000      1.17000    233.40000      3.00000      0.98600
0175 10 12 37.04 -01 45 26.9     18.52000      1.27000     22.50000      2.10000      0.00000
0176 10 12 37.72 -01 44 15.0     19.81000      0.98000    226.10000      2.50000      0.99900
0177 10 12 40.27 -01 41 46.1     18.74000      0.77000     66.80000      0.40000      0.00000
0178 10 12 38.87 -01 41 45.0     19.20000      1.00000    228.20000      1.70000      0.99900
0179 10 12 35.91 -01 41 15.2     18.66000      1.14000    219.10000      0.80000      0.99900
0180 10 12 27.77 -01 39 27.2     20.17000      0.60000    195.80000      3.90000      0.45500
0181 10 12 41.56 -01 31 57.1     18.46000      1.12000    221.60000      1.80000      0.99900
0182 10 12 35.13 -01 39 40.2     19.11000      0.93000    228.90000      5.50000      0.99800
0183 10 12 26.79 -01 45 05.1     19.68000      1.10000    256.80000      3.20000      0.00000
0184 10 12 26.94 -01 44 31.7     19.23000      0.97000    215.40000      4.80000      0.99700
0185 10 12 26.09 -01 43 31.1     19.95000      0.84000    222.20000      1.10000      0.99800
0186 10 12 30.71 -01 42 07.5     19.80000      0.97000    226.00000      0.80000      0.99300
0187 10 12 16.15 -01 45 48.1     17.65000      1.29000    221.00000      0.40000      0.99800
0188 10 12 16.23 -01 44 45.4     18.12000      1.09000    210.00000      0.80000      0.99200
0189 10 12 21.23 -01 42 46.0     17.81000      0.88000     22.70000      0.40000      0.00000
0190 10 12 25.05 -01 42 31.2     19.24000      1.03000    252.40000      2.30000      0.79900
0191 10 12 30.19 -01 40 48.5      0.00000      0.00000      7.80000      1.20000      0.00000
0192 10 12 27.95 -01 37 04.3     19.15000      0.60000     40.30000      4.90000      0.00000
0193 10 12 31.29 -01 35 58.5     18.60000      0.83000    -13.10000      0.80000      0.00000
0194 10 12 10.70 -01 42 47.8     19.34000      1.00000    220.70000      2.20000      0.99300
0195 10 12 25.28 -01 40 44.9     19.92000      0.95000    224.30000      1.80000      0.99900
0196 10 12 06.04 -01 45 41.0     17.56000      1.22000     48.60000      0.90000      0.00000
0197 10 12 06.84 -01 45 15.1      0.00000      0.00000    230.50000      0.70000      0.95100
0198 10 12 06.70 -01 42 38.6     20.02000     99.00000    223.30000      2.80000      0.97000
0199 10 12 05.64 -01 40 57.2     18.86000      1.11000    220.70000      1.10000      0.99800
0200 10 12 22.84 -01 35 35.9     18.37000      1.13000    234.70000      0.90000      0.99900
0201 10 12 26.12 -01 36 35.8     20.37000      0.71000    214.10000      5.80000      0.97800
0202 10 12 18.45 -01 40 03.4     19.63000      0.59000    251.50000      4.60000      0.92900
0203 10 12 18.40 -01 40 22.2     19.68000      0.98000    221.90000      1.10000      0.99800
0204 10 12 57.96 -01 37 42.4     19.32000      0.93000    234.80000      6.70000      1.00000
0205 10 13 19.83 -01 43 49.3      0.00000      0.00000     41.00000      1.00000      0.00000
0206 10 13 45.19 -01 56 59.7      0.00000      0.00000     35.20000      1.40000      0.00000
0207 10 13 51.60 -01 55 39.2      0.00000      0.00000     19.70000      0.70000      0.00000
0208 10 13 44.67 -01 55 14.6      0.00000      0.00000     71.30000      0.60000      0.00000
0209 10 13 37.42 -01 44 32.2     18.78000      1.00000    225.80000      1.60000      0.99900
0210 10 13 44.59 -01 48 15.5     18.70000      0.95000     50.10000      0.70000      0.00000
0211 10 13 48.16 -01 45 36.5     19.73000      0.86000     61.50000      3.00000      0.00000
0212 10 13 33.05 -01 59 52.8      0.00000      0.00000    226.20000      2.30000      0.99700
0213 10 13 32.93 -01 55 33.0      0.00000      0.00000    235.90000      2.80000      0.94400
0214 10 13 31.68 -01 54 22.7      0.00000      0.00000    219.20000      2.00000      0.98900
0215 10 12 40.41 -01 51 49.0      0.00000      0.00000    107.80000      2.00000      0.00000
0216 10 13 45.66 -01 45 04.3     19.79000      0.93000     52.90000      9.70000      0.00000
0217 10 13 13.70 -01 45 01.7     18.95000      1.06000    225.80000      4.70000      0.99900
0218 10 13 38.79 -01 47 54.2     19.07000      0.84000     60.50000      9.00000      0.00000
0219 10 13 21.79 -01 55 16.1      0.00000      0.00000    116.30000      4.50000      0.00000
0220 10 13 25.91 -01 54 49.8      0.00000      0.00000     -4.40000      3.10000      0.00000
0221 10 13 19.40 -01 53 16.6      0.00000      0.00000     44.40000      2.80000      0.00000
0222 10 13 22.85 -01 46 24.6     19.45000      0.66000     73.10000      6.60000      0.00000
0223 10 13 24.05 -01 50 02.4     17.57000      0.81000     51.10000      0.90000      0.00000
0224 10 13 15.11 -01 58 59.3      0.00000      0.00000     48.70000      2.50000      0.00000
0225 10 13 18.55 -01 54 11.3      0.00000      0.00000    222.70000      7.30000      0.99800
0226 10 13 16.60 -01 53 16.1      0.00000      0.00000     11.70000      5.40000      0.00000
0227 10 13 12.95 -01 42 20.1     18.70000      1.07000    225.70000      6.70000      0.99900
0228 10 13 16.26 -01 46 19.3     18.88000      1.01000    220.90000      5.20000      0.99900
0229 10 13 09.48 -01 48 30.5     17.62000      0.75000    132.50000      1.00000      0.00000
0230 10 12 56.88 -01 57 08.8      0.00000      0.00000    127.00000      5.50000      0.00000
0231 10 12 54.58 -01 52 32.1      0.00000      0.00000    238.30000      7.10000      0.99300
0232 10 12 42.76 -01 52 02.5      0.00000      0.00000      3.40000      2.20000      0.00000
0233 10 12 57.25 -01 47 10.5     19.39000      0.93000    221.90000      6.70000      0.99800
0234 10 12 45.48 -01 47 56.0     18.89000      0.89000    226.20000      4.80000      0.99900
0235 10 13 02.58 -01 45 03.3     17.67000      0.73000     68.70000      4.50000      0.00000
0236 10 13 04.89 -01 45 10.8     19.15000      1.07000     -7.70000      8.20000      0.00000
0237 10 12 06.04 -01 44 49.0     19.23000      0.68000    156.80000      1.20000      0.00000
0238 10 12 04.14 -01 44 45.1     19.07000      1.03000    227.00000      2.60000      0.99600
0239 10 12 01.06 -01 44 31.0     19.98000      1.10000    118.00000      3.50000      0.00000
0240 10 12 41.74 -01 51 47.6      0.00000      0.00000    231.30000      1.20000      0.98900
0241 10 12 32.67 -02 00 05.0      0.00000      0.00000    222.70000      2.50000      0.00200
0242 10 12 39.40 -01 58 51.8      0.00000      0.00000    224.50000      0.80000      0.75900
0243 10 12 33.05 -01 58 27.9      0.00000      0.00000     74.60000      0.40000      0.00000
0244 10 12 30.32 -01 58 22.0      0.00000      0.00000     17.80000      0.40000      0.00000
0245 10 12 27.29 -01 58 13.2      0.00000      0.00000    214.30000      3.30000      0.97900
0246 10 12 32.21 -01 55 24.2      0.00000      0.00000     74.00000      0.50000      0.00000
0247 10 12 21.23 -01 44 52.8     19.91000      0.92000    173.40000      1.40000      0.00000
0248 10 12 22.00 -01 47 00.7     17.94000      1.17000    221.50000      0.50000      0.99700
0249 10 12 20.58 -01 51 23.0      0.00000      0.00000     14.10000      1.50000      0.00000
0250 10 12 16.74 -01 52 55.2      0.00000      0.00000     77.00000      1.40000      0.00000
0251 10 12 37.02 -01 52 20.5      0.00000      0.00000    264.50000      0.80000      0.00000
0252 10 12 35.47 -01 53 00.6      0.00000      0.00000    284.80000      0.70000      0.00000
0253 10 12 40.14 -01 56 42.9      0.00000      0.00000    300.30000      1.60000      0.00000
0254 10 12 19.37 -02 02 32.6      0.00000      0.00000     46.30000      0.80000      0.00000
0255 10 12 27.63 -02 02 09.4      0.00000      0.00000      7.20000      0.90000      0.00000
0256 10 12 20.99 -01 59 23.8      0.00000      0.00000     22.30000      1.80000      0.00000
0257 10 12 22.24 -01 55 50.6      0.00000      0.00000    320.50000      2.70000      0.00000
0258 10 12 16.35 -01 54 50.7      0.00000      0.00000    216.80000      0.80000      0.99400
0259 10 12 19.74 -01 54 45.2      0.00000      0.00000     80.70000      0.40000      0.00000
0260 10 12 09.33 -02 03 49.9      0.00000      0.00000    161.30000      0.50000      0.00000
0261 10 12 12.24 -02 02 36.9      0.00000      0.00000     56.70000      0.30000      0.00000
0262 10 12 13.75 -02 00 49.3      0.00000      0.00000    231.20000      0.90000      0.99600
0263 10 12 12.61 -01 58 32.0      0.00000      0.00000     43.30000      0.60000      0.00000
0264 10 12 08.23 -01 55 11.2      0.00000      0.00000      9.80000      0.50000      0.00000
0265 10 12 10.41 -01 44 54.6      0.00000      0.00000      5.80000      0.70000      0.00000
0266 10 12 06.58 -01 47 56.7     19.37000     99.00000    221.10000      1.80000      0.99700
0267 10 12 05.28 -01 49 11.0     18.26000      0.69000    446.70000      3.40000      0.00000
0268 10 12 12.52 -01 44 55.1     20.32000      0.67000    231.50000      5.20000      0.99500
0269 10 12 18.36 -01 46 37.0     20.10000      1.02000    -76.60000      2.50000      0.00000
0270 10 12 18.99 -01 48 34.7     17.89000      0.94000      8.00000      0.50000      0.00000
0271 10 11 58.15 -01 57 21.8      0.00000      0.00000    214.00000      1.60000      0.95000
0272 10 12 02.47 -01 57 03.8      0.00000      0.00000    216.50000      1.10000      0.98900
0273 10 11 59.64 -01 56 15.9      0.00000      0.00000    284.30000      2.20000      0.00000
0274 10 12 01.74 -01 56 06.3      0.00000      0.00000    -16.10000      0.40000      0.00000
0275 10 11 51.96 -02 01 02.3      0.00000      0.00000    100.60000      0.80000      0.00000
0276 10 11 47.44 -02 00 13.1      0.00000      0.00000    333.40000      5.50000      0.00000
0277 10 11 55.12 -01 58 37.4      0.00000      0.00000    248.00000      1.20000      0.72000
0278 10 11 55.96 -01 57 28.5      0.00000      0.00000    211.90000      0.90000      0.48000
0279 10 11 55.88 -01 55 20.2      0.00000      0.00000     52.20000      0.80000      0.00000
0280 10 11 59.61 -01 54 51.6      0.00000      0.00000    220.40000      3.50000      0.99400
0281 10 11 58.25 -01 44 37.0     18.81000      1.19000     41.00000      1.40000      0.00000
0282 10 11 57.88 -01 46 55.5     18.20000      1.18000    220.80000      0.40000      0.95500
0283 10 11 56.52 -01 47 33.0     19.39000      0.98000    227.40000      1.60000      0.99600
0284 10 11 58.08 -01 48 33.9     19.97000      0.70000    303.20000      3.10000      0.00000
0285 10 11 58.90 -01 50 34.3     17.84000      0.59000     53.50000      0.30000      0.00000
0286 10 11 59.18 -01 51 34.7      0.00000      0.00000     43.00000      0.50000      0.00000
0287 10 12 02.58 -01 48 02.1     18.66000      0.86000     27.40000      0.50000      0.00000
0288 10 12 02.88 -01 48 27.0     19.18000      0.54000     12.60000      1.20000      0.00000
0289 10 11 42.88 -01 59 57.5      0.00000      0.00000    219.80000      2.30000      0.99300
0290 10 11 35.44 -01 58 13.9      0.00000      0.00000    217.40000      1.40000      0.98500
0291 10 11 40.36 -01 57 32.3      0.00000      0.00000    210.10000      1.30000      0.97300
0292 10 11 41.28 -01 56 10.0      0.00000      0.00000    220.00000      0.70000      0.99100
0293 10 11 50.94 -01 53 58.9      0.00000      0.00000    108.50000      3.40000      0.00000
0294 10 11 29.26 -01 57 40.7      0.00000      0.00000    294.60000      1.20000      0.00000
0295 10 11 33.02 -01 56 24.3      0.00000      0.00000     28.60000      0.50000      0.00000
0296 10 11 34.93 -01 52 34.0      0.00000      0.00000     19.70000      0.80000      0.00000
0297 10 11 40.81 -01 47 04.4     19.36000      0.75000    123.70000      2.40000      0.00000
0298 10 11 39.87 -01 48 06.6     17.89000      0.68000    123.40000      0.40000      0.00000
0299 10 11 43.76 -01 49 58.1      0.00000      0.00000    179.50000      2.20000      0.00000
0300 10 11 48.89 -01 46 34.0     19.02000      0.88000     49.10000      0.80000      0.00000
0301 10 11 54.46 -01 47 12.6     18.94000      1.01000    206.40000      1.50000      0.95100
0302 10 11 47.78 -01 50 30.4      0.00000      0.00000    171.70000      0.50000      0.00000
0303 10 11 51.33 -01 51 04.5      0.00000      0.00000     41.60000      0.60000      0.00000
0304 10 11 50.61 -01 51 54.6      0.00000      0.00000      0.20000      0.30000      0.00000
0305 10 11 54.18 -01 52 50.2      0.00000      0.00000     61.50000      0.30000      0.00000
0306 10 13 08.92 -01 32 39.1     20.07000      0.84000    218.70000      3.10000      0.99700
0307 10 13 12.47 -01 29 17.2     19.71000     99.00000    230.20000      1.40000      0.99900
0308 10 13 05.69 -01 33 34.7     19.52000      0.72000    221.20000      3.70000      0.99900
0309 10 13 06.28 -01 33 10.4     20.00000      0.93000    221.70000      2.90000      0.99400
0310 10 13 01.59 -01 29 26.4     20.11000      0.82000    234.10000      3.60000      0.99700
0311 10 13 04.27 -01 22 17.8      0.00000      0.00000    225.20000      1.10000      0.99900
0312 10 13 08.74 -01 23 12.9      0.00000      0.00000    218.50000      3.40000      0.98800
0313 10 13 04.52 -01 26 10.7     19.89000     99.00000    219.50000      4.80000      0.99900
0314 10 13 14.64 -01 24 36.3     20.25000      0.57000    218.60000      3.60000      0.99900
0315 10 13 02.04 -01 34 05.5     20.23000      0.80000    216.20000      1.30000      0.99900
0316 10 12 54.57 -01 35 49.2     20.23000      0.93000    202.10000      2.10000      0.99000
0317 10 12 53.14 -01 35 40.9     20.45000      0.94000    227.10000      1.60000      0.99900
0318 10 12 50.61 -01 34 56.8     19.90000      0.99000    219.20000      1.90000      0.99900
0319 10 12 51.65 -01 34 03.0     20.41000      0.72000    231.60000      1.30000      0.99900
0320 10 12 54.02 -01 19 34.8      0.00000      0.00000    224.20000      2.90000      0.99900
0321 10 12 55.65 -01 21 10.7      0.00000      0.00000    197.30000      1.60000      0.77600
0322 10 13 03.13 -01 23 17.0     20.19000      0.71000    227.90000      1.90000      0.99800
0323 10 13 01.17 -01 26 52.5     20.40000      0.78000    222.70000      2.80000      0.99900
0324 10 12 44.73 -01 35 24.9     20.39000      0.74000    228.60000      2.30000      0.99900
0325 10 12 32.55 -01 21 18.7      0.00000      0.00000    224.60000      3.10000      0.99900
0326 10 12 35.81 -01 23 13.3     18.75000      0.90000    227.40000      1.70000      0.99900
0327 10 12 45.88 -01 20 57.1      0.00000      0.00000    215.20000      1.40000      0.99700
0328 10 12 36.51 -01 33 13.4     20.34000      0.59000    220.80000      2.60000      0.99900
0329 10 12 35.78 -01 31 48.0     20.42000     99.00000    224.20000      1.30000      0.99900
0330 10 12 28.15 -01 33 57.1     20.16000      0.92000    223.00000      2.70000      0.99900
0331 10 12 22.96 -01 33 02.7     20.05000      0.80000    234.70000      1.60000      0.99800
0332 10 12 25.73 -01 31 16.0     20.27000      0.94000    236.80000      1.20000      0.99800
0333 10 12 15.82 -01 24 00.2     18.06000      1.08000    225.10000      4.30000      0.99900
0334 10 12 08.82 -01 25 31.8     20.24000      0.91000    236.20000      3.50000      0.99600
0335 10 12 28.96 -01 23 22.2     20.00000      0.66000    148.30000      2.20000      0.00000
0336 10 12 29.84 -01 24 49.4     20.45000      0.58000    172.40000      5.50000      0.00000
0337 10 12 25.96 -01 25 59.5     19.88000      0.86000    230.00000      2.30000      0.99800
0338 10 13 12.04 -01 32 44.0     19.48000      0.73000    197.40000      1.90000      0.00500
0339 10 12 48.71 -01 28 41.3     19.70000      0.77000    219.60000      2.20000      0.99900
0340 10 12 40.27 -01 29 07.6     19.22000      1.02000    230.70000      1.00000      0.99900
0341 10 12 37.91 -01 28 23.0     19.53000      0.97000    218.40000      0.90000      0.99900
0342 10 12 43.86 -01 19 16.4      0.00000      0.00000    220.70000      1.50000      0.99800
0343 10 12 37.38 -01 26 43.4     20.15000      0.93000    219.60000      2.10000      0.99900
0344 10 12 29.00 -01 30 40.3     20.36000      0.74000    226.80000      2.70000      0.99900
0345 10 12 18.50 -01 30 10.1     20.12000      0.77000    225.50000      2.60000      0.99500
0346 10 12 51.95 -01 30 00.8     19.66000      0.96000    226.60000      4.10000      0.99900
0347 10 12 50.55 -01 33 32.9     19.96000      0.97000    212.90000      1.50000      0.99900
0348 10 13 01.87 -01 35 24.3     19.80000      0.98000    212.00000      2.70000      0.82800
0349 10 13 21.24 -01 25 49.9     19.94000      0.95000    227.80000      1.30000      0.99800
0350 10 12 14.10 -01 33 37.9     19.95000      0.96000    200.60000      1.40000      0.79100
0351 10 13 19.63 -01 26 56.5     19.97000      0.95000    235.00000      5.30000      0.99600
0352 10 12 41.96 -01 30 30.2     19.95000      0.86000    224.20000      3.50000      0.99900
0353 10 12 29.10 -01 18 18.4      0.00000      0.00000    219.00000      3.50000      0.99600
0354 10 12 33.41 -01 23 10.5     20.03000      0.93000    138.20000      1.80000      0.00000
0355 10 12 31.24 -01 23 37.1     20.42000      0.73000     18.00000      1.10000      0.00000
0356 10 12 34.15 -01 26 29.5     20.24000      0.88000     66.20000      1.40000      0.00000
0357 10 12 38.63 -01 24 01.6     20.22000      0.77000    227.20000      2.90000      0.99900
0358 10 12 31.14 -01 32 53.7     19.84000      0.97000    228.90000      3.80000      0.99900
0359 10 12 22.23 -01 22 26.0      0.00000      0.00000    219.20000      4.80000      0.99400
0360 10 13 14.01 -01 22 24.9      0.00000      0.00000    102.50000      1.10000      0.00000
0361 10 12 41.02 -01 30 11.6     17.56000      1.32000    226.30000      0.50000      0.99900
0362 10 12 43.86 -01 18 24.1      0.00000      0.00000    235.20000      1.00000      0.99400
0363 10 13 01.60 -01 21 50.0      0.00000      0.00000    -18.00000      0.70000      0.00000
0364 10 12 39.04 -01 29 58.8     17.87000      1.23000    233.70000      0.50000      0.99900
0365 10 12 53.28 -01 21 38.5      0.00000      0.00000     15.20000      8.90000      0.00000
0366 10 12 26.11 -01 19 45.5      0.00000      0.00000    237.30000      8.10000      0.99600
0367 10 12 40.43 -01 24 51.6     18.33000      1.12000    230.40000      1.10000      0.99800
0368 10 12 40.00 -01 25 11.6     18.50000      1.14000     39.70000      1.70000      0.00000
0369 10 12 27.02 -01 30 21.1      0.00000      0.00000    230.70000      2.00000      0.99900
0370 10 12 24.50 -01 30 29.5     18.99000      0.94000      3.80000      3.60000      0.00000
0371 10 12 29.30 -01 29 18.2     19.33000      1.02000    217.10000     10.60000      0.99800
0372 10 12 21.09 -01 32 09.5     19.45000      0.69000     83.30000      3.90000      0.00000
0373 10 12 22.30 -01 24 01.5     18.89000      1.01000    233.60000      3.70000      0.99700
0374 10 13 12.60 -01 29 45.2     18.68000      1.13000     35.10000      1.90000      0.00000
0375 10 12 20.28 -01 19 39.9      0.00000      0.00000     26.20000      3.10000      0.00000
0376 10 12 27.41 -01 26 47.5     19.31000      1.02000    235.50000      5.80000      0.99700
0377 10 12 31.37 -01 18 07.5      0.00000      0.00000    250.20000      2.90000      0.01000
0378 10 12 11.92 -01 31 47.1     18.61000      0.87000    207.40000      3.00000      0.01200
0379 10 12 08.83 -01 31 08.3     19.04000      1.01000    233.70000      6.80000      0.99700
0380 10 12 08.15 -01 29 08.5     18.96000      1.01000    204.10000      7.90000      0.98000
0381 10 12 05.06 -01 28 55.2     17.34000      1.36000     31.40000      3.80000      0.00000
0382 10 13 43.02 -01 37 13.6      0.00000      0.00000    211.00000      2.70000      0.99200
0383 10 13 35.52 -01 40 46.0     20.26000      0.73000    230.60000      3.20000      0.99900
0384 10 13 26.91 -01 39 59.1      0.00000      0.00000     -8.70000      4.50000      0.00000
0385 10 13 26.34 -01 35 15.5     20.38000      0.71000    218.00000      3.40000      0.99900
0386 10 13 27.62 -01 36 56.2      0.00000      0.00000    232.00000      4.80000      0.99800
0387 10 13 30.59 -01 34 03.9     20.34000      0.86000    208.90000      1.90000      0.99500
0388 10 13 47.21 -01 37 13.8      0.00000      0.00000    296.20000      1.60000      0.00000
0389 10 13 37.26 -01 40 04.0     20.23000      0.74000    226.60000      2.30000      0.99900
0390 10 12 47.68 -01 32 55.6     20.10000      0.93000    218.90000      1.80000      0.99900
0391 10 13 16.98 -01 30 30.8     20.29000      0.66000    231.90000      2.80000      0.99900
0392 10 13 27.32 -01 30 56.8     20.32000      0.91000    226.10000      1.70000      0.99900
0393 10 13 23.56 -01 43 47.6     20.31000      0.71000    223.60000      3.50000      0.99900
0394 10 13 24.65 -01 40 32.4     20.40000      0.73000    216.30000      2.90000      0.99600
0395 10 13 14.07 -01 33 14.4     20.36000      0.67000    223.40000      5.50000      0.99900
0396 10 13 14.62 -01 34 33.0     21.06000     99.00000    216.10000      2.60000      0.99800
0397 10 13 16.80 -01 34 02.0     20.45000      0.66000    222.10000      5.10000      0.99900
0398 10 12 52.88 -01 40 41.0     20.33000      0.71000    232.80000      3.20000      0.99600
0399 10 12 52.07 -01 40 30.2     20.20000      0.58000    242.10000      3.00000      0.99400
0400 10 12 48.85 -01 40 27.9     20.11000      0.78000    229.60000      1.90000      0.99900
0401 10 12 43.11 -01 40 14.7     19.80000      0.99000    230.90000      1.10000      0.99900
0402 10 13 37.50 -01 31 11.5     20.34000      0.73000    227.80000      3.70000      0.99700
0403 10 13 13.70 -01 44 44.0     19.69000      0.97000    220.90000      4.30000      0.99800
0404 10 13 12.57 -01 38 11.5     20.15000      0.83000    221.50000      2.50000      1.00000
0405 10 13 21.31 -01 32 42.2     20.50000      0.89000    212.30000      4.30000      0.99800
0406 10 13 19.71 -01 33 26.0     19.98000      0.94000    217.50000      1.50000      0.99900
0407 10 13 26.66 -01 31 26.5     20.39000      0.90000    230.60000      2.90000      0.99900
0408 10 13 25.24 -01 32 10.4     20.39000      0.71000    225.30000      2.50000      0.99900
0409 10 13 11.23 -01 35 01.9     19.69000      0.98000    233.20000      1.40000      0.99800
0410 10 12 56.26 -01 34 18.3     20.27000      0.80000     66.30000      1.00000      0.00000
0411 10 13 29.66 -01 28 06.2     20.21000     99.00000    219.90000      2.60000      0.99900
0412 10 13 27.59 -01 30 40.0     20.24000      0.73000    242.70000      2.60000      0.99100
0413 10 12 35.08 -01 31 23.4     20.46000      0.72000    225.20000      2.20000      0.99900
0414 10 13 43.55 -01 41 20.1     20.30000      0.60000     67.80000      2.10000      0.00000
0415 10 12 56.84 -01 40 26.3     20.35000      0.74000    223.30000      4.10000      0.99900
0416 10 13 01.32 -01 35 21.4     19.99000      0.99000    222.10000      1.40000      1.00000
0417 10 12 54.69 -01 31 48.5      0.00000      0.00000    217.50000      6.50000      0.99900
0418 10 13 23.88 -01 30 34.3     19.65000      0.98000    228.70000      4.00000      0.99600
0419 10 13 19.07 -01 36 19.1     20.12000      0.95000    225.20000     11.00000      0.99800
0420 10 12 58.02 -01 38 58.3     19.42000      0.91000    207.10000      6.20000      0.99800
0421 10 12 39.11 -01 40 18.0     19.56000      1.00000    219.20000      6.70000      0.99900
0422 10 12 38.65 -01 32 06.1     19.28000      1.00000    136.30000      1.50000      0.00000
0423 10 13 25.98 -01 36 11.0     18.97000      1.05000    210.40000      1.40000      0.99200
0424 10 13 06.84 -01 37 52.1     17.46000      1.32000    227.80000      0.80000      1.00000
0425 10 10 18.37 -00 53 04.4      0.00000      0.00000    123.50000      4.00000      0.00000
0426 10 10 18.16 -00 48 54.8      0.00000      0.00000     58.40000      0.70000      0.00000
0427 10 10 16.89 -00 48 24.8      0.00000      0.00000     15.00000      0.50000      0.00000
0428 10 10 10.20 -00 44 20.5      0.00000      0.00000    139.10000      5.70000      0.00000
0429 10 10 12.78 -00 45 11.1      0.00000      0.00000    154.20000      5.80000      0.00000
0430 10 10 19.20 -00 47 05.4      0.00000      0.00000     71.40000      1.00000      0.00000
0431 10 10 22.95 -00 44 38.9      0.00000      0.00000     46.20000      2.80000      0.00000
0432 10 10 31.48 -00 46 03.0      0.00000      0.00000    141.60000      0.40000      0.00000
0433 10 10 27.37 -00 46 16.3      0.00000      0.00000     30.10000      3.80000      0.00000
0434 10 10 26.68 -00 47 43.2      0.00000      0.00000     28.20000      0.40000      0.00000
0435 10 09 59.34 -00 52 08.8      0.00000      0.00000     11.20000      0.40000      0.00000
0436 10 10 05.22 -00 52 02.7      0.00000      0.00000    223.70000      4.50000      0.98700
0437 10 09 58.24 -00 51 40.3      0.00000      0.00000     82.30000      2.30000      0.00000
0438 10 10 12.05 -00 50 23.7      0.00000      0.00000     46.60000      0.60000      0.00000
0439 10 09 58.93 -00 55 17.9      0.00000      0.00000    112.20000      3.40000      0.00000
0440 10 09 51.38 -00 55 05.4      0.00000      0.00000    123.10000      2.90000      0.00000
0441 10 09 41.84 -00 42 20.5      0.00000      0.00000    285.50000      5.00000      0.00000
0442 10 09 33.80 -00 53 34.2      0.00000      0.00000    135.40000      1.40000      0.00000
0443 10 09 39.74 -00 52 28.1      0.00000      0.00000     95.80000      1.70000      0.00000
0444 10 09 30.21 -00 55 09.4      0.00000      0.00000     29.40000      2.50000      0.00000
0445 10 09 25.23 -00 54 07.4      0.00000      0.00000      3.90000      0.60000      0.00000
0446 10 09 19.03 -00 49 51.3      0.00000      0.00000     69.50000      5.20000      0.00000
0447 10 09 25.82 -00 42 01.8      0.00000      0.00000     54.50000      0.70000      0.00000
0448 10 09 25.53 -00 43 54.6      0.00000      0.00000     -8.80000      2.50000      0.00000
0449 10 09 23.24 -00 44 12.4      0.00000      0.00000    116.70000      2.00000      0.00000
0450 10 09 24.23 -00 45 28.1      0.00000      0.00000     84.80000      2.60000      0.00000
0451 10 09 37.05 -00 41 50.4      0.00000      0.00000     11.80000      0.40000      0.00000
0452 10 13 45.08 -01 56 10.6      0.00000      0.00000    210.90000      3.50000      0.95900
0453 10 13 57.20 -01 51 37.1      0.00000      0.00000    183.30000      5.50000      0.00000
0454 10 13 23.97 -01 54 53.3      0.00000      0.00000    228.50000      4.30000      0.99800
0455 10 14 25.43 -02 03 37.3      0.00000      0.00000     84.00000      1.40000      0.00000
0456 10 14 26.62 -02 02 34.9      0.00000      0.00000     14.20000      2.60000      0.00000
0457 10 14 34.31 -02 01 19.7      0.00000      0.00000    132.80000      2.00000      0.00000
0458 10 14 29.91 -02 00 34.9      0.00000      0.00000    223.30000      3.90000      0.89300
0459 10 14 28.35 -01 57 18.5      0.00000      0.00000    230.30000      3.20000      0.99500
0460 10 14 08.47 -02 03 53.5      0.00000      0.00000    242.60000      1.60000      0.00000
0461 10 14 17.06 -01 59 56.2      0.00000      0.00000    104.00000      1.20000      0.00000
0462 10 14 13.64 -01 50 58.7     18.53000      0.62000    123.50000      0.70000      0.00000
0463 10 14 19.37 -01 51 25.2      0.00000      0.00000     16.80000      0.90000      0.00000
0464 10 14 28.68 -01 53 11.7      0.00000      0.00000    105.90000      2.60000      0.00000
0465 10 14 20.01 -01 56 20.7      0.00000      0.00000      9.20000      1.50000      0.00000
0466 10 14 04.88 -02 04 50.4      0.00000      0.00000     21.60000      2.60000      0.00000
0467 10 14 04.91 -02 03 11.0      0.00000      0.00000     -3.90000      2.30000      0.00000
0468 10 14 02.35 -01 59 52.8      0.00000      0.00000     87.80000      0.50000      0.00000
0469 10 13 54.48 -01 59 26.1      0.00000      0.00000      9.30000      0.50000      0.00000
0470 10 13 58.22 -02 04 29.9      0.00000      0.00000    100.10000      4.10000      0.00000
0471 10 13 59.96 -02 03 48.3      0.00000      0.00000     93.80000      1.10000      0.00000
0472 10 13 52.73 -02 03 20.1      0.00000      0.00000     30.00000      0.60000      0.00000
0473 10 13 59.21 -02 02 55.2      0.00000      0.00000     15.00000      0.40000      0.00000
0474 10 13 50.16 -02 00 58.2      0.00000      0.00000     31.20000      0.50000      0.00000
0475 10 13 48.64 -01 59 38.2      0.00000      0.00000     36.80000      2.60000      0.00000
0476 10 13 49.76 -01 55 37.6      0.00000      0.00000      5.40000      1.00000      0.00000
0477 10 14 03.87 -01 57 37.3      0.00000      0.00000    210.70000      3.70000      0.90700
0478 10 14 04.48 -01 50 31.1     17.22000      0.72000    105.40000      0.30000      0.00000
0479 10 14 12.57 -01 51 56.2      0.00000      0.00000     30.60000      0.30000      0.00000
0480 10 14 08.72 -01 54 00.6      0.00000      0.00000    128.60000      1.60000      0.00000
0481 10 14 11.68 -01 55 16.0      0.00000      0.00000    171.10000      2.10000      0.00000
0482 10 13 28.51 -02 02 31.1      0.00000      0.00000     55.20000      0.60000      0.00000
0483 10 13 26.81 -01 52 25.9      0.00000      0.00000     42.80000      1.10000      0.00000
0484 10 12 56.13 -01 35 49.9     20.41000      0.76000    224.70000      2.00000      1.00000
0485 10 12 32.51 -01 35 19.6     20.29000     99.00000    232.30000      2.60000      0.99900
0486 10 12 22.23 -01 32 09.5     19.85000      0.78000     74.30000      1.00000      0.00000
0487 10 13 09.67 -01 37 33.1     19.90000      0.96000    221.40000      3.00000      1.00000
0488 10 13 09.12 -01 37 11.7     19.88000     99.00000    223.30000      1.20000      1.00000
0489 10 13 06.01 -01 37 07.6     20.31000     99.00000    238.80000      4.90000      1.00000
0490 10 12 51.39 -01 38 40.9     20.38000      0.74000    224.90000      1.90000      0.99900
0491 10 12 45.07 -01 39 41.4     19.94000      0.96000    209.80000      1.60000      0.99600
0492 10 12 44.72 -01 39 18.9     20.31000      0.81000    231.30000      2.50000      0.99900
0493 10 12 39.25 -01 32 07.0     20.30000      0.56000    216.90000      4.70000      0.99900
0494 10 13 03.33 -01 37 22.6     20.04000      0.99000    213.80000      2.60000      1.00000
0495 10 12 52.37 -01 37 32.9     20.43000      0.74000    228.30000      5.90000      1.00000
0496 10 12 55.41 -01 37 13.0     20.35000      0.93000    220.10000      4.00000      1.00000
0497 10 12 57.96 -01 36 24.4      0.00000      0.00000    182.90000      5.90000      0.21400
0498 10 13 02.03 -01 36 29.2     20.41000      0.75000    214.00000      2.90000      1.00000
0499 10 13 02.09 -01 36 58.7     19.61000      0.91000    216.80000      1.70000      1.00000
0500 10 12 31.81 -01 32 49.5      0.00000      0.00000    238.90000      1.10000      0.99700
0501 10 12 27.63 -01 39 06.0     20.31000      0.60000    228.10000      3.70000      0.99900
0502 10 12 33.79 -01 44 44.8     20.32000      0.66000    213.20000      3.50000      0.99700
0503 10 12 25.27 -01 44 32.0     20.34000      0.66000    218.70000      2.70000      0.99500
0504 10 12 29.77 -01 36 42.9     19.78000      0.98000    244.20000      1.80000      0.99100
0505 10 12 28.80 -01 37 21.7     20.34000      0.62000    227.20000      3.40000      0.99900
0506 10 12 16.66 -01 42 44.1     20.24000      0.74000    226.30000      3.80000      0.99800
0507 10 12 08.75 -01 41 37.8     20.32000      0.94000    223.40000      2.30000      0.99300
0508 10 12 15.62 -01 35 06.3     20.34000      0.72000    223.40000      4.90000      0.99900
0509 10 12 26.63 -01 35 35.8     20.27000      0.91000    215.20000      1.80000      0.99900
0510 10 12 24.89 -01 36 49.8     20.12000      0.78000    242.70000      3.40000      0.99100
0511 10 12 23.09 -01 37 46.7     20.05000      1.07000     80.80000      1.40000      0.00000
0512 10 11 57.77 -01 40 42.4     20.05000      0.98000    115.20000      2.70000      0.00000
0513 10 12 04.28 -01 38 26.3     19.37000      0.78000     49.40000      0.70000      0.00000
0514 10 12 02.50 -01 38 01.2     20.08000      0.95000    223.10000      3.00000      0.99800
0515 10 12 03.62 -01 37 25.0     20.30000     99.00000    223.90000      4.20000      0.99700
0516 10 12 10.19 -01 34 22.8     19.96000      0.94000    233.20000      2.50000      0.99300
0517 10 12 07.56 -01 36 22.4      0.00000      0.00000    219.70000      3.40000      0.99800
0518 10 12 10.68 -01 36 58.3     20.44000     99.00000    224.60000      4.50000      0.99800
0519 10 12 05.31 -01 37 06.3     20.33000      0.82000    227.30000      5.80000      0.99400
0520 10 12 11.73 -01 38 36.1     20.30000      0.68000    247.50000      3.10000      0.96000
0521 10 12 50.36 -01 45 40.9     20.10000      0.80000    224.50000      4.00000      0.99900
0522 10 12 37.06 -01 40 43.5     20.22000      0.78000    217.10000      5.30000      0.99900
0523 10 12 49.49 -01 45 10.7     20.26000      0.83000    225.80000      4.00000      0.99900
0524 10 12 22.83 -01 39 22.0     20.17000      1.06000     49.80000      1.70000      0.00000
0525 10 11 55.83 -01 37 44.6     20.06000      0.59000    -40.00000      4.00000      0.00000
0526 10 12 29.99 -01 38 17.1     18.97000      1.09000    224.80000      1.00000      0.99900
0527 10 12 26.21 -01 38 30.0     18.01000      1.22000    236.10000      0.90000      0.99800
0528 10 11 53.58 -01 42 37.4     18.95000      0.89000     82.80000      1.30000      0.00000
0529 10 11 57.24 -01 38 55.4     19.52000      0.98000    -30.10000      9.10000      0.00000
0530 10 12 56.91 -01 39 17.6     19.50000      0.99000    229.60000      8.80000      0.99400
0531 10 12 18.23 -01 36 19.6     17.42000      1.36000     30.90000      2.50000      0.00000
0532 10 12 24.21 -01 40 01.8     19.59000      0.65000    135.00000      2.40000      0.00000
0533 10 12 09.98 -01 38 47.8     20.23000      0.63000    -25.50000      4.80000      0.00000
0534 10 11 55.18 -01 38 51.4     19.68000      0.95000    224.00000      3.60000      0.99500
0535 10 11 47.48 -01 50 15.4      0.00000      0.00000    200.40000      2.10000      0.00000
0536 10 11 48.42 -01 43 19.0     17.80000      0.71000     62.20000      0.40000      0.00000
0537 10 11 52.26 -01 34 03.5     19.12000      0.97000     97.90000      1.30000      0.00000
0538 10 11 53.85 -01 34 48.9     18.27000      0.95000      3.90000      0.60000      0.00000
0539 10 12 05.70 -01 33 03.4     19.30000      0.99000    219.30000      5.00000      0.99900
0540 10 11 41.71 -01 44 18.3     19.44000      0.60000     90.60000      2.00000      0.00000
0541 10 11 25.24 -01 45 33.1      0.00000      0.00000    188.20000      2.90000      0.00000
0542 10 11 19.93 -01 44 17.3      0.00000      0.00000     77.20000      1.50000      0.00000
0543 10 11 32.98 -01 34 06.1      0.00000      0.00000     69.10000      1.90000      0.00000
0544 10 11 42.15 -01 36 00.4     20.34000      1.08000    215.70000      5.30000      0.93600
0545 10 11 35.80 -01 37 41.6      0.00000      0.00000    230.40000      3.40000      0.97700
0546 10 11 31.50 -01 39 09.2      0.00000      0.00000    136.50000      0.90000      0.00000
0547 10 11 38.71 -01 40 23.8      0.00000      0.00000    222.70000      3.10000      0.99500
0548 10 11 46.72 -01 40 36.3     18.57000      1.09000     18.90000      2.10000      0.00000
0549 10 11 48.42 -01 33 54.5     18.58000      1.12000    215.70000      0.80000      0.98700
0550 10 11 48.05 -01 35 52.4      0.00000      0.00000    116.80000      0.50000      0.00000
0551 10 11 51.33 -01 35 59.2     18.30000      1.12000    226.40000      1.20000      0.99600
0552 10 11 48.77 -01 36 56.1     19.82000      0.67000    157.10000      3.80000      0.00000
0553 10 11 46.93 -01 37 12.9     18.93000      1.02000     47.80000      1.00000      0.00000
0554 10 11 48.27 -01 37 32.5     19.25000      0.95000    222.80000      4.70000      0.99600
0555 10 11 55.82 -01 34 07.2     17.72000      1.04000     26.70000      2.00000      0.00000
0556 10 11 29.23 -01 48 45.4      0.00000      0.00000     24.00000      1.60000      0.00000
0557 10 14 26.18 -01 40 47.6      0.00000      0.00000    186.70000      1.80000      0.00300
0558 10 14 25.70 -01 39 37.2     20.36000      0.70000    227.60000      2.90000      0.99400
0559 10 14 16.92 -01 43 15.7     19.65000      0.95000    228.10000      4.30000      0.99600
0560 10 14 21.30 -01 39 55.8     19.83000      1.20000    123.60000      2.50000      0.00000
0561 10 14 29.98 -01 34 33.9      0.00000      0.00000    313.80000      2.20000      0.00000
0562 10 14 28.11 -01 34 50.8      0.00000      0.00000    216.40000      5.90000      0.99200
0563 10 14 31.08 -01 36 06.8      0.00000      0.00000    306.90000      3.00000      0.00000
0564 10 14 10.28 -01 45 09.4     19.83000      0.95000    222.00000      1.50000      0.99600
0565 10 14 06.18 -01 41 21.4     20.32000      0.75000    223.90000      2.00000      0.99800
0566 10 14 02.54 -01 41 43.0     20.47000      0.85000    222.00000      4.40000      0.99800
0567 10 13 54.98 -01 40 38.9     20.03000      0.94000    224.70000      4.30000      0.99900
0568 10 13 54.89 -01 35 12.1     20.26000      0.76000    203.50000      2.40000      0.87200
0569 10 14 06.26 -01 34 14.9     20.14000      0.93000    241.70000      1.20000      0.97600
0570 10 14 05.12 -01 36 59.1     20.30000      0.92000    224.40000      1.60000      0.99600
0571 10 13 48.57 -01 42 04.9     19.64000      0.76000     49.10000      0.50000      0.00000
0572 10 13 52.23 -01 38 50.6     19.83000      0.97000    224.60000      2.50000      0.99800
0573 10 13 42.37 -01 44 47.5     19.67000      0.90000    228.00000      4.40000      0.99800
0574 10 13 43.70 -01 43 24.4     20.04000      0.77000    219.80000      2.70000      0.99900
0575 10 13 45.49 -01 43 04.8     20.36000      0.61000    223.70000      4.90000      0.99900
0576 10 13 37.65 -01 42 57.7     19.24000      0.95000    197.00000      0.80000      0.00000
0577 10 13 41.53 -01 39 37.1     19.96000      0.94000    233.40000      2.40000      0.99700
0578 10 13 37.98 -01 37 33.8     20.34000      0.75000    217.10000      5.40000      0.99900
0579 10 14 21.67 -01 43 29.8     20.18000      1.08000     72.00000      2.60000      0.00000
0580 10 14 23.01 -01 42 59.3     19.94000      0.97000    229.30000      1.80000      0.99600
0581 10 14 20.26 -01 37 02.8     19.69000      0.75000    223.80000      2.20000      0.99600
0582 10 14 20.35 -01 32 11.5     17.75000      1.31000     68.10000      2.50000      0.00000
0583 10 14 15.14 -01 39 27.8     19.53000      0.94000    206.60000      1.60000      0.91500
0584 10 13 40.92 -01 43 53.0     19.92000      0.88000    222.90000      2.30000      0.99400
0585 10 13 40.33 -01 42 34.7     19.77000      0.73000     46.30000      0.90000      0.00000
0586 10 13 37.85 -01 38 15.6     20.00000      0.90000    239.70000      2.80000      0.99700
0587 10 13 38.70 -01 39 13.1     19.20000      0.97000    240.50000      3.50000      0.99700
0588 10 13 45.01 -01 45 45.8     19.69000      0.76000    -53.40000      1.80000      0.00000
0589 10 13 43.54 -01 38 08.5     19.47000      0.71000     92.00000      1.10000      0.00000
0590 10 14 35.56 -01 48 05.2      0.00000      0.00000     30.90000      4.40000      0.00000
0591 10 14 46.60 -01 44 17.3      0.00000      0.00000    218.90000      3.00000      0.00000
0592 10 14 39.57 -01 43 01.6      0.00000      0.00000    226.00000      3.10000      0.92700
0593 10 14 36.99 -01 42 58.3      0.00000      0.00000    256.80000      2.30000      0.06700
0594 10 14 36.26 -01 42 16.4      0.00000      0.00000     80.10000      1.50000      0.00000
0595 10 14 26.07 -01 44 42.2     19.84000      0.96000    222.70000      3.50000      0.99100
0596 10 14 29.30 -01 44 44.5      0.00000      0.00000     41.50000      1.60000      0.00000
0597 10 14 34.37 -01 44 29.9      0.00000      0.00000     67.50000      1.40000      0.00000
0598 10 14 37.49 -01 34 48.4      0.00000      0.00000     25.90000      3.90000      0.00000
0599 10 14 33.04 -01 34 53.0      0.00000      0.00000    136.50000      2.50000      0.00000
0600 10 14 33.43 -01 35 54.7      0.00000      0.00000    215.00000      0.60000      0.97300
0601 10 14 37.43 -01 39 59.8      0.00000      0.00000    215.80000      2.70000      0.99000
0602 10 14 18.29 -01 47 26.4     17.37000      0.88000    212.00000      1.30000      0.98700
0603 10 14 18.46 -01 43 20.8     17.90000      0.79000    156.50000      1.50000      0.00000
0604 10 14 05.96 -01 48 20.4     17.59000      1.04000     18.20000      1.00000      0.00000
0605 10 14 03.02 -01 46 15.2     19.27000      0.79000    153.80000      0.60000      0.00000
0606 10 14 06.46 -01 44 54.4     17.00000      0.86000     56.60000      0.40000      0.00000
0607 10 14 13.60 -01 34 46.9     19.65000      0.98000    218.40000      1.70000      0.99500
0608 10 14 17.14 -01 41 58.8     17.86000      1.08000    -22.80000      1.30000      0.00000
0609 10 14 08.48 -01 41 26.1     18.39000      1.08000     22.60000      1.10000      0.00000
0610 10 13 46.73 -01 42 46.8     19.15000      1.08000     29.90000      1.60000      0.00000
0611 10 13 55.75 -01 35 53.8     19.73000      0.98000     70.10000      1.20000      0.00000
0612 10 13 58.85 -01 35 53.0     19.03000      0.96000     59.50000      0.70000      0.00000
0613 10 14 03.07 -01 36 32.6      0.00000      0.00000    232.40000      3.20000      0.99600
0614 10 14 02.51 -01 37 56.8      0.00000      0.00000     -5.90000      1.00000      0.00000
0615 10 13 59.15 -01 40 21.1     18.42000      1.08000    219.70000      0.70000      0.99900
0616 10 13 47.26 -01 35 15.2     20.29000      0.68000    216.40000      4.30000      0.99700
0617 10 13 05.71 -01 22 46.4      0.00000      0.00000     31.00000      5.80000      0.00000
0618 10 13 12.78 -01 22 50.6      0.00000      0.00000    212.50000      3.00000      0.98800
0619 10 13 17.58 -01 24 22.8     19.40000      0.88000    205.60000      2.00000      0.98500
0620 10 12 56.86 -01 23 05.3     19.35000      0.56000    223.80000      3.90000      0.99900
0621 10 12 58.13 -01 23 38.7     19.64000      0.93000    226.70000      1.60000      0.99800
0622 10 12 47.98 -01 18 58.9      0.00000      0.00000    219.30000      2.10000      0.92800
0623 10 12 43.88 -01 22 12.0      0.00000      0.00000    228.50000      2.50000      0.99900
0624 10 13 18.97 -01 26 58.4     19.38000      1.00000    220.00000      1.10000      0.99900
0625 10 13 49.90 -01 21 27.0      0.00000      0.00000     27.10000      3.80000      0.00000
0626 10 13 26.04 -01 21 47.7      0.00000      0.00000    223.40000      1.50000      0.99700
0627 10 13 34.41 -01 23 48.6     19.71000      0.62000    281.40000      2.40000      0.00000
0628 10 13 02.53 -01 18 43.0      0.00000      0.00000    228.80000      5.50000      0.98200
0629 10 13 30.06 -01 23 42.7     18.17000      1.11000    229.10000      0.40000      0.99600
0630 10 13 39.09 -01 14 41.1      0.00000      0.00000    229.80000      1.40000      0.78900
0631 10 13 40.72 -01 16 16.3      0.00000      0.00000    105.30000      3.00000      0.00000
0632 10 13 46.91 -01 17 31.8      0.00000      0.00000    248.20000      4.00000      0.76200
0633 10 13 27.04 -01 19 39.7      0.00000      0.00000    229.80000      2.30000      0.99600
0634 10 13 18.38 -01 24 45.2     17.34000      1.21000     26.60000      1.10000      0.00000
0635 10 13 20.79 -01 21 57.7      0.00000      0.00000    141.70000      1.40000      0.00000
0636 10 13 15.57 -01 21 17.9      0.00000      0.00000    240.60000      2.10000      0.98300
0637 10 13 19.56 -01 20 41.2      0.00000      0.00000    182.40000      4.50000      0.00200
0638 10 13 34.20 -01 11 50.1      0.00000      0.00000    214.10000      2.50000      0.98800
0639 10 13 29.85 -01 11 48.6      0.00000      0.00000     60.40000      1.40000      0.00000
0640 10 13 30.89 -01 14 01.5      0.00000      0.00000    205.60000      5.10000      0.94800
0641 10 13 25.73 -01 15 20.0      0.00000      0.00000      1.10000      2.40000      0.00000
0642 10 13 33.47 -01 17 46.4      0.00000      0.00000    203.70000      1.70000      0.91800
0643 10 13 35.30 -01 17 54.7      0.00000      0.00000    224.50000      0.60000      0.99300
0644 10 13 08.13 -01 11 20.1      0.00000      0.00000     92.60000      4.70000      0.00000
0645 10 13 14.00 -01 15 49.2      0.00000      0.00000    154.50000      1.90000      0.00000
0646 10 13 15.31 -01 16 25.3      0.00000      0.00000    230.40000      1.10000      0.99700
0647 10 13 26.37 -01 11 13.6      0.00000      0.00000     46.30000      0.70000      0.00000
0648 10 13 16.57 -01 11 38.4      0.00000      0.00000    153.10000      4.30000      0.00000
0649 10 13 21.53 -01 13 36.8      0.00000      0.00000     41.50000      1.30000      0.00000
0650 10 13 25.00 -01 17 01.4      0.00000      0.00000     20.50000      1.40000      0.00000
0651 10 13 22.26 -01 17 51.0      0.00000      0.00000    109.50000      4.00000      0.00000
0652 10 12 55.48 -01 18 52.4      0.00000      0.00000     54.60000      1.00000      0.00000
0653 10 12 49.36 -01 13 53.6      0.00000      0.00000    -21.20000      0.90000      0.00000
0654 10 12 53.48 -01 15 16.7      0.00000      0.00000    233.50000      2.00000      0.73800
0655 10 12 48.56 -01 15 51.3      0.00000      0.00000    227.00000      2.60000      0.99800
0656 10 12 49.63 -01 17 06.3      0.00000      0.00000   -103.90000      3.00000      0.00000
0657 10 12 56.16 -01 17 22.6      0.00000      0.00000     96.30000      1.20000      0.00000
0658 10 13 01.56 -01 18 00.6      0.00000      0.00000    250.40000      1.70000      0.00000
0659 10 13 04.13 -01 14 47.8      0.00000      0.00000     61.50000      1.60000      0.00000
0660 10 13 03.08 -01 14 59.8      0.00000      0.00000    310.30000      2.30000      0.00000
0661 10 13 10.41 -01 18 13.8      0.00000      0.00000    232.00000      1.60000      0.99400
0662 10 11 26.96 -02 05 41.6      0.00000      0.00000    207.30000      1.90000      0.90300
0663 10 11 22.47 -02 03 50.9      0.00000      0.00000     46.80000      1.80000      0.00000
0664 10 11 31.07 -02 02 55.0      0.00000      0.00000     90.90000      2.10000      0.00000
0665 10 11 33.47 -02 01 39.9      0.00000      0.00000     -0.20000      1.60000      0.00000
0666 10 11 33.91 -02 00 54.8      0.00000      0.00000    244.00000      5.90000      0.94500
0667 10 11 10.42 -02 05 04.4      0.00000      0.00000     46.40000      2.40000      0.00000
0668 10 11 10.27 -02 04 03.8      0.00000      0.00000     82.40000      0.70000      0.00000
0669 10 11 04.72 -02 05 32.8      0.00000      0.00000     46.00000      1.30000      0.00000
0670 10 10 59.75 -02 04 38.4      0.00000      0.00000    139.70000      3.10000      0.00000
0671 10 11 05.33 -02 01 40.3      0.00000      0.00000      7.50000      4.00000      0.00000
0672 10 10 51.47 -02 06 14.9      0.00000      0.00000    205.50000      3.10000      0.00000
0673 10 10 53.58 -02 05 07.9      0.00000      0.00000     31.20000      1.20000      0.00000
0674 10 11 01.02 -02 01 40.9      0.00000      0.00000    104.10000      1.10000      0.00000
0675 10 10 59.34 -02 01 14.0      0.00000      0.00000    259.10000      2.80000      0.02800
0676 10 11 20.61 -01 57 23.6      0.00000      0.00000     11.20000      0.50000      0.00000
0677 10 11 25.63 -01 58 14.3      0.00000      0.00000    117.80000      0.70000      0.00000
0678 10 11 15.15 -02 00 42.5      0.00000      0.00000     -8.70000      0.80000      0.00000
0679 10 10 47.87 -02 10 23.3      0.00000      0.00000    115.30000      1.60000      0.00000
0680 10 10 53.62 -02 09 39.0      0.00000      0.00000    -13.80000      3.40000      0.00000
0681 10 10 54.12 -02 09 20.5      0.00000      0.00000     36.50000      1.80000      0.00000
0682 10 10 48.73 -02 05 03.6      0.00000      0.00000    151.70000      1.60000      0.00000
0683 10 10 44.70 -02 01 20.3      0.00000      0.00000     -9.40000      1.10000      0.00000
0684 10 10 45.06 -02 09 41.7      0.00000      0.00000     -1.30000      2.00000      0.00000
0685 10 10 40.66 -02 03 47.2      0.00000      0.00000     77.80000      0.40000      0.00000
0686 10 10 42.91 -02 01 36.6      0.00000      0.00000    142.70000      4.30000      0.00000
0687 10 10 49.74 -01 51 44.7      0.00000      0.00000    125.10000      2.30000      0.00000
0688 10 10 53.48 -01 53 17.1      0.00000      0.00000      8.60000      3.60000      0.00000
0689 10 10 59.55 -01 57 15.5      0.00000      0.00000    351.50000      1.10000      0.00000
0690 10 10 51.51 -01 59 36.8      0.00000      0.00000    107.30000      2.30000      0.00000
0691 10 10 54.59 -01 59 57.9      0.00000      0.00000    160.50000      1.40000      0.00000
0692 10 11 01.57 -01 52 08.0      0.00000      0.00000    213.30000      1.60000      0.00000
0693 10 11 07.93 -01 52 59.0      0.00000      0.00000      1.70000      5.10000      0.00000
0694 10 11 02.75 -02 00 45.0      0.00000      0.00000      6.90000      0.40000      0.00000
0695 10 10 37.09 -02 06 40.7      0.00000      0.00000    160.80000      4.20000      0.00000
0696 10 10 36.43 -02 03 58.1      0.00000      0.00000     64.00000      1.90000      0.00000
0697 10 10 31.18 -02 05 07.8      0.00000      0.00000     91.50000      1.90000      0.00000
0698 10 10 34.84 -02 04 54.4      0.00000      0.00000     92.80000      1.80000      0.00000
0699 10 10 30.22 -02 04 40.2      0.00000      0.00000    203.90000      2.90000      0.00000
0700 10 10 36.11 -01 57 08.7      0.00000      0.00000    208.10000      4.00000      0.66700
0701 10 10 38.87 -01 59 13.0      0.00000      0.00000    -78.90000      2.90000      0.00000
0702 10 10 45.93 -01 51 47.4      0.00000      0.00000     72.20000      1.70000      0.00000
0703 10 10 44.77 -02 00 09.7      0.00000      0.00000    107.50000      1.90000      0.00000
0704 10 12 02.36 -02 03 43.5      0.00000      0.00000    311.00000      3.40000      0.00000
0705 10 12 29.62 -02 17 17.0      0.00000      0.00000    117.10000      0.70000      0.00000
0706 10 12 42.30 -02 14 53.7      0.00000      0.00000     67.40000      2.80000      0.00000
0707 10 12 30.46 -02 15 09.2      0.00000      0.00000     -1.80000      0.40000      0.00000
0708 10 12 14.87 -02 13 21.2      0.00000      0.00000    209.80000      1.90000      0.91800
0709 10 12 37.68 -02 11 30.6      0.00000      0.00000    232.40000      1.10000      0.99300
0710 10 12 27.30 -02 06 32.3      0.00000      0.00000    227.50000      5.20000      0.99300
0711 10 12 24.71 -02 07 06.3      0.00000      0.00000    -14.60000      1.10000      0.00000
0712 10 12 24.82 -02 08 01.2      0.00000      0.00000     10.30000      0.50000      0.00000
0713 10 12 19.46 -02 09 56.4      0.00000      0.00000     75.20000      2.90000      0.00000
0714 10 12 19.01 -02 10 42.2      0.00000      0.00000    186.70000      2.00000      0.00000
0715 10 12 16.01 -02 21 12.6      0.00000      0.00000    126.30000      1.60000      0.00000
0716 10 12 15.96 -02 16 05.4      0.00000      0.00000    224.80000      1.40000      0.37400
0717 10 12 08.52 -02 15 37.1      0.00000      0.00000    219.70000      2.40000      0.98300
0718 10 12 05.72 -02 15 19.4      0.00000      0.00000    -23.60000      0.80000      0.00000
0719 10 12 05.45 -02 14 12.8      0.00000      0.00000    119.10000      2.40000      0.00000
0720 10 12 04.53 -02 13 33.5      0.00000      0.00000     46.60000      0.40000      0.00000
0721 10 12 08.35 -02 05 09.3      0.00000      0.00000     86.50000      0.40000      0.00000
0722 10 12 10.72 -02 05 24.0      0.00000      0.00000     52.00000      1.40000      0.00000
0723 10 12 03.90 -02 08 09.6      0.00000      0.00000    227.10000      3.10000      0.00000
0724 10 12 08.94 -02 11 31.5      0.00000      0.00000     16.00000      2.70000      0.00000
0725 10 12 14.16 -02 04 30.0      0.00000      0.00000     47.80000      0.50000      0.00000
0726 10 12 10.41 -02 06 20.2      0.00000      0.00000     41.70000      1.70000      0.00000
0727 10 12 12.79 -02 07 52.7      0.00000      0.00000     35.50000      0.60000      0.00000
0728 10 11 56.34 -02 21 23.5      0.00000      0.00000    230.90000      2.10000      0.92400
0729 10 11 55.21 -02 21 11.9      0.00000      0.00000     19.10000      1.80000      0.00000
0730 10 11 53.22 -02 20 34.6      0.00000      0.00000     46.90000      4.20000      0.00000
0731 10 11 56.96 -02 12 56.1      0.00000      0.00000    165.00000      0.60000      0.00000
0732 10 12 00.81 -02 12 59.0      0.00000      0.00000    204.10000      1.60000      0.01400
0733 10 12 00.89 -02 12 26.9      0.00000      0.00000   -109.00000      2.90000      0.00000
0734 10 11 53.92 -02 05 29.3      0.00000      0.00000     11.00000      3.30000      0.00000
0735 10 11 43.91 -02 06 33.1      0.00000      0.00000      6.60000      0.70000      0.00000
0736 10 11 43.99 -02 07 51.4      0.00000      0.00000    229.50000      1.00000      0.99500
0737 10 11 45.46 -02 09 59.6      0.00000      0.00000     43.00000      1.40000      0.00000
0738 10 11 55.81 -02 02 52.0      0.00000      0.00000     23.20000      2.10000      0.00000
0739 10 11 50.85 -02 08 33.7      0.00000      0.00000    181.10000      1.00000      0.00000
0740 10 11 49.66 -02 17 42.7      0.00000      0.00000    225.10000      1.70000      0.98900
0741 10 11 47.82 -02 15 06.1      0.00000      0.00000     60.90000      2.50000      0.00000
0742 10 11 49.30 -02 14 28.8      0.00000      0.00000    111.70000      1.00000      0.00000
0743 10 11 47.67 -02 14 04.2      0.00000      0.00000     22.70000      3.00000      0.00000
0744 10 11 34.61 -02 05 48.9      0.00000      0.00000    -52.00000      3.60000      0.00000
0745 10 11 29.27 -02 07 58.7      0.00000      0.00000     73.00000      4.10000      0.00000
0746 10 11 28.61 -02 08 31.9      0.00000      0.00000      2.60000      3.50000      0.00000
0747 10 11 37.96 -02 14 37.6      0.00000      0.00000     25.70000      4.20000      0.00000
0748 10 11 36.42 -02 16 20.1      0.00000      0.00000    230.30000      4.50000      0.96200
0749 10 11 43.00 -02 03 50.3      0.00000      0.00000    224.70000      0.80000      0.99600
0750 10 11 47.39 -02 03 50.5      0.00000      0.00000      8.90000      1.30000      0.00000
0751 10 11 43.18 -02 04 34.2      0.00000      0.00000    196.10000      1.90000      0.08300
0752 10 11 35.47 -02 06 59.7      0.00000      0.00000     82.20000      0.90000      0.00000
0753 10 15 48.45 -01 46 49.1      0.00000      0.00000     27.50000      2.30000      0.00000
0754 10 15 54.82 -01 44 33.4      0.00000      0.00000     39.30000      2.80000      0.00000
0755 10 15 54.02 -01 40 54.8      0.00000      0.00000     -7.80000      2.40000      0.00000
0756 10 15 57.75 -01 38 52.3      0.00000      0.00000     63.50000      1.80000      0.00000
0757 10 15 55.19 -01 30 56.3      0.00000      0.00000    397.40000      5.60000      0.00000
0758 10 15 59.05 -01 33 12.2      0.00000      0.00000     -8.60000      0.40000      0.00000
0759 10 16 03.92 -01 33 46.4      0.00000      0.00000    217.90000      1.20000      0.98900
0760 10 16 04.82 -01 34 12.3      0.00000      0.00000    -18.50000      2.00000      0.00000
0761 10 16 01.09 -01 35 19.2      0.00000      0.00000    218.10000      2.50000      0.99000
0762 10 15 57.66 -01 37 56.7      0.00000      0.00000     97.50000      0.90000      0.00000
0763 10 15 44.17 -01 44 31.5      0.00000      0.00000     -8.70000      0.40000      0.00000
0764 10 15 41.10 -01 44 13.5      0.00000      0.00000    129.60000      2.10000      0.00000
0765 10 15 34.32 -01 42 40.4      0.00000      0.00000     12.70000      1.30000      0.00000
0766 10 15 35.44 -01 31 10.8      0.00000      0.00000    229.40000      0.60000      0.99300
0767 10 15 41.81 -01 34 59.7      0.00000      0.00000    206.40000      2.40000      0.00100
0768 10 15 32.19 -01 34 44.5      0.00000      0.00000    212.40000      5.50000      0.59700
0769 10 15 45.04 -01 32 19.4      0.00000      0.00000     91.30000      0.80000      0.00000
0770 10 15 48.08 -01 32 35.7      0.00000      0.00000     80.40000      1.90000      0.00000
0771 10 15 52.08 -01 33 31.1      0.00000      0.00000    222.90000      0.60000      0.98600
0772 10 15 54.42 -01 34 14.0      0.00000      0.00000     50.80000      0.60000      0.00000
0773 10 15 47.36 -01 36 46.3      0.00000      0.00000    -20.60000      1.60000      0.00000
0774 10 15 48.02 -01 37 22.3      0.00000      0.00000    -49.40000      2.00000      0.00000
0775 10 15 22.71 -01 45 44.1      0.00000      0.00000    151.90000      2.80000      0.00000
0776 10 15 15.76 -01 38 41.8      0.00000      0.00000     57.10000      0.60000      0.00000
0777 10 15 12.91 -01 37 59.5      0.00000      0.00000    228.90000      5.40000      0.91600
0778 10 15 07.38 -01 44 38.5      0.00000      0.00000     23.50000      2.10000      0.00000
0779 10 15 13.31 -01 44 31.6      0.00000      0.00000     11.30000      4.30000      0.00000
0780 10 15 13.04 -01 44 12.7      0.00000      0.00000    -57.60000      1.10000      0.00000
0781 10 15 09.99 -01 43 21.7      0.00000      0.00000     94.70000      2.90000      0.00000
0782 10 15 04.10 -01 41 16.6      0.00000      0.00000     52.40000      3.90000      0.00000
0783 10 15 24.54 -01 30 54.9      0.00000      0.00000    289.90000      1.20000      0.00000
0784 10 15 24.83 -01 34 15.6      0.00000      0.00000     66.00000      1.00000      0.00000
0785 10 15 29.97 -01 34 45.4      0.00000      0.00000    121.00000      4.20000      0.00000
0786 10 15 27.77 -01 36 29.1      0.00000      0.00000    147.00000      0.60000      0.00000
0787 10 15 01.71 -01 43 49.3      0.00000      0.00000    116.50000      3.90000      0.00000
0788 10 14 55.73 -01 39 18.0      0.00000      0.00000    119.30000      1.00000      0.00000
0789 10 15 03.80 -01 39 09.0      0.00000      0.00000     52.70000      1.50000      0.00000
0790 10 15 19.31 -01 32 36.0      0.00000      0.00000     53.80000      1.30000      0.00000
0791 10 15 21.36 -01 33 31.6      0.00000      0.00000     89.30000      0.60000      0.00000
0792 10 15 07.32 -01 35 05.1      0.00000      0.00000     80.00000      1.40000      0.00000
0793 10 15 07.65 -01 35 36.6      0.00000      0.00000     37.10000      2.10000      0.00000
0794 10 15 21.65 -01 36 48.3      0.00000      0.00000    223.50000      1.30000      0.98900
0795 10 13 53.52 -01 18 18.8      0.00000      0.00000    218.90000      4.20000      0.98600
0796 10 13 45.35 -01 11 34.0      0.00000      0.00000     -3.70000      1.10000      0.00000
0797 10 13 50.46 -01 12 48.4      0.00000      0.00000    212.40000      3.60000      0.94900
0798 10 13 40.71 -01 11 00.0      0.00000      0.00000    219.50000      1.60000      0.98100
0799 10 14 29.84 -01 05 02.1      0.00000      0.00000    215.40000      3.10000      0.98900
0800 10 14 34.01 -01 06 45.5      0.00000      0.00000    212.10000      2.20000      0.64500
0801 10 14 25.70 -01 07 22.4      0.00000      0.00000    227.80000      2.10000      0.99300
0802 10 14 33.95 -01 17 18.9      0.00000      0.00000    217.40000      0.50000      0.99400
0803 10 14 49.67 -01 15 35.9      0.00000      0.00000    222.30000      1.50000      0.99300
0804 10 14 43.74 -01 13 58.3      0.00000      0.00000     61.30000      0.50000      0.00000
0805 10 14 24.00 -01 19 30.2      0.00000      0.00000    219.10000      3.10000      0.99200
0806 10 14 26.73 -01 14 15.4      0.00000      0.00000    225.80000      4.60000      0.97800
0807 10 14 14.24 -01 03 19.7      0.00000      0.00000     53.50000      1.00000      0.00000
0808 10 14 03.60 -01 04 26.6      0.00000      0.00000    144.20000      0.80000      0.00000
0809 10 14 00.25 -01 05 05.7      0.00000      0.00000    106.40000      0.50000      0.00000
0810 10 14 00.94 -01 08 48.2      0.00000      0.00000      0.20000      1.90000      0.00000
0811 10 14 19.48 -01 05 04.0      0.00000      0.00000     38.20000      1.90000      0.00000
0812 10 14 17.05 -01 07 22.9      0.00000      0.00000    -70.60000      0.70000      0.00000
0813 10 14 18.54 -01 16 12.1      0.00000      0.00000     47.40000      0.50000      0.00000
0814 10 13 58.68 -01 16 34.5      0.00000      0.00000    232.20000      3.40000      0.82000
0815 10 13 49.35 -01 05 01.3      0.00000      0.00000     87.60000      3.60000      0.00000
0816 10 13 50.30 -01 05 47.2      0.00000      0.00000     73.40000      1.50000      0.00000
0817 10 13 45.26 -01 10 43.1      0.00000      0.00000     32.20000      1.70000      0.00000
0818 10 13 48.74 -01 11 20.8      0.00000      0.00000    339.20000      3.70000      0.00000
0819 10 13 48.67 -01 11 38.1      0.00000      0.00000     66.60000      3.20000      0.00000
0820 10 13 53.10 -01 03 39.4      0.00000      0.00000     44.20000      2.40000      0.00000
0821 10 13 58.91 -01 03 53.7      0.00000      0.00000    236.00000      0.80000      0.99100
0822 10 13 50.64 -01 08 45.0      0.00000      0.00000    241.80000      1.00000      0.67700
0823 10 13 53.95 -01 13 06.2      0.00000      0.00000     74.00000      1.10000      0.00000
0824 10 13 40.44 -01 30 53.3     20.38000      0.76000    -92.40000      2.70000      0.00000
0825 10 12 47.24 -01 28 26.7     20.32000      0.73000     -7.40000      1.60000      0.00000
0826 10 12 36.86 -01 27 18.2     19.50000      0.61000    -12.50000      0.70000      0.00000
0827 10 13 23.24 -01 34 53.5     20.33000      0.62000    -17.60000      2.60000      0.00000
0828 10 13 48.46 -01 25 58.8     19.82000      0.74000    243.40000      1.60000      0.29300
0829 10 13 44.28 -01 29 00.6     20.36000      0.75000    225.80000      3.10000      0.99400
0830 10 13 45.63 -01 24 51.5     20.61000      0.48000    -10.80000      3.00000      0.00000
0831 10 13 42.79 -01 22 04.9      0.00000      0.00000    -14.60000      2.80000      0.00000
0832 10 13 21.37 -01 35 13.6     20.24000      1.09000    -18.60000      5.50000      0.00000
0833 10 15 17.77 -02 14 15.0      0.00000      0.00000     42.00000      4.90000      0.00000
0834 10 15 31.05 -02 09 07.6      0.00000      0.00000    217.20000      1.10000      0.63500
0835 10 15 10.51 -02 05 22.5      0.00000      0.00000    116.70000      4.40000      0.00000
0836 10 15 31.59 -02 04 05.8      0.00000      0.00000     48.50000      1.60000      0.00000
0837 10 15 00.12 -02 15 35.0      0.00000      0.00000    -18.70000      3.50000      0.00000
0838 10 15 01.80 -02 14 01.0      0.00000      0.00000    -18.90000      4.10000      0.00000
0839 10 15 14.22 -01 59 28.3      0.00000      0.00000    258.90000      4.10000      0.01800
0840 10 14 53.05 -01 59 41.0      0.00000      0.00000    236.80000      2.50000      0.98700
0841 10 15 15.80 -02 01 31.6      0.00000      0.00000     34.70000      1.80000      0.00000
0842 10 15 01.85 -02 01 49.6      0.00000      0.00000     49.70000      1.60000      0.00000
0843 10 14 54.27 -02 01 56.0      0.00000      0.00000     52.00000      1.90000      0.00000
0844 10 15 07.32 -02 02 24.6      0.00000      0.00000    343.80000      4.60000      0.00000
0845 10 14 58.76 -02 03 11.3      0.00000      0.00000      5.90000      1.10000      0.00000
0846 10 14 59.72 -02 03 52.7      0.00000      0.00000    117.10000      1.60000      0.00000
0847 10 14 48.39 -02 14 53.0      0.00000      0.00000     -6.40000      4.90000      0.00000
0848 10 14 24.30 -02 01 01.7      0.00000      0.00000     11.40000      1.00000      0.00000
0849 10 14 38.46 -02 00 26.6      0.00000      0.00000      4.80000      1.40000      0.00000
0850 10 14 26.73 -02 07 57.4      0.00000      0.00000     20.50000      3.30000      0.00000
0851 10 14 18.73 -02 09 03.8      0.00000      0.00000    145.20000      4.40000      0.00000
0852 10 13 46.96 -01 35 00.3     19.73000      0.96000    225.80000      3.20000      0.98900
0853 10 13 25.98 -01 38 18.6     20.38000      0.93000    233.40000      2.60000      0.98900
0854 10 13 24.58 -01 38 09.4     20.38000      0.62000    224.30000      3.00000      0.99300
0855 10 13 31.94 -01 34 54.1     19.87000      0.92000    228.20000      1.60000      0.99300
0856 10 13 25.89 -01 40 57.0      0.00000      0.00000     55.00000      5.40000      0.00000
0857 10 13 16.17 -01 35 21.7     20.34000      0.65000    -14.60000      3.80000      0.00000
0858 10 13 06.39 -01 42 07.9     19.88000      0.66000    116.30000      2.00000      0.00000
0859 10 13 31.38 -01 35 11.8     20.31000      0.64000    227.70000      2.40000      0.99300
0860 10 13 18.95 -01 40 35.6     20.15000      0.94000    218.00000      2.90000      0.99300
0861 10 13 20.75 -01 31 59.0     18.70000      1.02000    229.20000      1.20000      0.99300
0862 10 12 59.74 -01 37 33.2     20.49000      0.91000    229.70000      3.80000      1.00000
0863 10 13 08.23 -01 35 53.6     19.95000      0.91000    219.00000      1.30000      0.99900
0864 10 12 40.76 -01 38 08.2     20.35000      0.75000    235.20000      3.50000      0.98700
0865 10 13 11.55 -01 43 01.6     17.55000      1.24000    231.60000      0.80000      0.99300
0866 10 13 13.63 -01 44 25.4     19.49000      0.99000    226.30000      3.40000      0.99300
0867 10 12 58.07 -01 37 28.8     20.46000      0.91000    217.40000      4.30000      0.99800
0868 10 13 19.72 -01 35 15.6     20.29000      0.92000    225.50000      3.10000      0.99500
0869 10 13 25.16 -01 33 52.5     20.38000      0.71000    228.80000      3.40000      0.99300
0870 10 13 17.54 -01 44 23.1     18.14000      0.88000     40.50000      0.50000      0.00000
0871 10 13 37.07 -01 35 26.3     20.35000      0.69000    231.80000      1.80000      0.98700
0872 10 12 40.64 -01 35 47.6     19.89000      1.02000    233.90000      3.80000      0.98900
0873 10 13 09.23 -01 44 05.2     20.57000      0.89000    -20.10000      9.40000      0.00000
0874 10 13 10.58 -01 40 47.5     20.25000      0.79000    -22.80000      8.50000      0.00000
0875 10 13 02.31 -01 43 40.4     20.67000      0.91000    238.80000     12.10000      0.99000
0876 10 13 38.93 -01 41 38.6     20.32000      0.67000     -7.50000      7.10000      0.00000
0877 10 12 41.61 -01 40 10.5     20.39000      0.72000     19.50000      6.00000      0.00000
0878 10 14 42.89 -01 14 40.3      0.00000      0.00000    223.70000      3.00000      0.94600
0879 10 15 37.04 -01 25 55.0      0.00000      0.00000    209.90000      0.70000      0.65400
0880 10 15 26.50 -01 25 20.6      0.00000      0.00000    221.80000      5.70000      0.93300
0881 10 15 41.34 -01 23 05.5      0.00000      0.00000      3.50000      0.80000      0.00000
0882 10 15 33.87 -01 22 27.4      0.00000      0.00000     14.70000      0.70000      0.00000
0883 10 15 28.90 -01 21 42.3      0.00000      0.00000     79.80000      1.40000      0.00000
0884 10 15 30.39 -01 21 37.5      0.00000      0.00000     88.70000      0.60000      0.00000
0885 10 15 33.09 -01 21 09.3      0.00000      0.00000    230.20000      5.50000      0.90300
0886 10 15 16.20 -01 14 48.4      0.00000      0.00000     37.80000      3.10000      0.00000
0887 10 15 12.95 -01 16 57.3      0.00000      0.00000    147.00000      0.50000      0.00000
0888 10 15 18.71 -01 16 57.1      0.00000      0.00000     24.70000      0.50000      0.00000
0889 10 15 25.72 -01 17 28.8      0.00000      0.00000    223.00000      2.40000      0.91400
0890 10 15 17.79 -01 19 22.8      0.00000      0.00000     40.80000      3.10000      0.00000
0891 10 15 16.50 -01 19 41.4      0.00000      0.00000    215.20000      0.70000      0.87800
0892 10 15 36.27 -01 17 14.0      0.00000      0.00000     12.80000      2.30000      0.00000
0893 10 15 09.63 -01 26 07.8      0.00000      0.00000    108.20000      2.80000      0.00000
0894 10 15 15.55 -01 24 57.8      0.00000      0.00000    229.10000      1.50000      0.94000
0895 10 15 02.98 -01 25 06.6      0.00000      0.00000     74.60000      2.00000      0.00000
0896 10 15 20.22 -01 24 17.4      0.00000      0.00000     87.00000      3.10000      0.00000
0897 10 14 56.31 -01 14 19.4      0.00000      0.00000     22.20000      0.70000      0.00000
0898 10 14 51.55 -01 14 46.1      0.00000      0.00000    224.00000      0.50000      0.94600
0899 10 14 50.02 -01 16 51.4      0.00000      0.00000    228.60000      5.00000      0.94100
0900 10 14 49.08 -01 19 36.3      0.00000      0.00000    218.70000      2.00000      0.93200
0901 10 14 50.40 -01 19 36.5      0.00000      0.00000      1.70000      5.10000      0.00000
0902 10 14 54.13 -01 19 55.1      0.00000      0.00000      4.60000      4.40000      0.00000
0903 10 15 03.32 -01 14 35.2      0.00000      0.00000      4.70000      2.70000      0.00000
0904 10 15 11.20 -01 15 12.5      0.00000      0.00000    109.50000      1.10000      0.00000
0905 10 15 03.24 -01 16 37.6      0.00000      0.00000    244.50000      1.90000      0.44800
0906 10 15 05.98 -01 16 52.6      0.00000      0.00000     85.30000      0.60000      0.00000
0907 10 15 04.41 -01 17 43.7      0.00000      0.00000     51.10000      0.70000      0.00000
0908 10 14 57.08 -01 17 40.6      0.00000      0.00000    221.80000      1.10000      0.94500
0909 10 14 58.92 -01 18 18.0      0.00000      0.00000    230.30000      3.30000      0.93600
0910 10 15 01.30 -01 20 44.3      0.00000      0.00000    132.30000      1.20000      0.00000
0911 10 14 45.54 -01 28 51.6      0.00000      0.00000     45.60000      1.70000      0.00000
0912 10 14 49.29 -01 26 07.3      0.00000      0.00000    222.50000      1.60000      0.94600
0913 10 14 51.59 -01 23 52.0      0.00000      0.00000     14.70000      2.60000      0.00000
0914 10 14 57.40 -01 23 48.4      0.00000      0.00000    201.30000      1.50000      0.22200
0915 10 14 49.00 -01 22 20.3      0.00000      0.00000    222.10000      4.50000      0.94500
0916 10 14 46.44 -01 21 52.5      0.00000      0.00000     -6.40000      2.10000      0.00000
0917 10 14 29.39 -01 22 35.3      0.00000      0.00000    219.60000      3.80000      0.95000
0918 10 14 41.30 -01 23 20.1      0.00000      0.00000     93.50000      2.00000      0.00000
0919 10 14 40.30 -01 23 43.4      0.00000      0.00000    235.20000      1.20000      0.88800
0920 10 14 47.49 -01 13 42.5      0.00000      0.00000    149.80000      3.60000      0.00000
0921 10 14 38.06 -01 29 50.3      0.00000      0.00000    210.50000      2.20000      0.83300
0922 10 14 37.07 -01 29 40.1      0.00000      0.00000    222.50000      1.60000      0.95700
0923 10 14 35.94 -01 29 02.5      0.00000      0.00000    220.70000      5.00000      0.95400
0924 10 14 40.25 -01 28 28.4      0.00000      0.00000    224.90000      0.90000      0.95600
0925 10 14 31.86 -01 23 40.4      0.00000      0.00000     73.40000      4.20000      0.00000
0926 10 13 39.36 -01 30 11.6      0.00000      0.00000    214.00000      5.60000      0.98000
0927 10 13 25.34 -01 34 41.7     20.53000      0.88000     81.90000      6.00000      0.00000
0928 10 12 33.54 -01 25 27.9     20.55000      0.70000    218.60000      4.90000      0.98900
0929 10 12 44.07 -01 25 06.8     20.29000      0.73000    232.20000      1.90000      0.98700
0930 10 12 59.36 -01 27 03.3      0.00000      0.00000    214.50000      4.00000      0.98700
0931 10 12 38.58 -01 29 18.8     18.67000      1.11000    233.90000      2.20000      0.98800
0932 10 12 42.34 -01 25 56.5     19.91000      0.96000    219.70000      2.30000      0.99200
0933 10 12 42.59 -01 26 28.9     20.33000      0.85000    214.20000      3.60000      0.98600
0934 10 13 32.18 -01 29 36.9     20.32000      0.66000    339.60000      4.00000      0.00000
0935 10 13 28.99 -01 32 30.3     20.31000      0.69000    228.00000      6.00000      0.99300
0936 10 13 22.53 -01 32 03.8     20.30000      0.72000    226.70000      4.30000      0.99300
0937 10 13 21.14 -01 33 27.7     20.13000      0.92000    224.10000      2.90000      0.99300
0938 10 13 32.39 -01 23 49.7      0.00000      0.00000    252.60000      4.00000      0.26900
0939 10 13 25.42 -01 31 55.8     20.40000      0.71000    231.40000      5.10000      0.99200
0940 10 13 18.27 -01 35 15.8     19.24000      1.01000    224.50000      2.30000      0.99500
0941 10 13 42.99 -01 30 57.1      0.00000      0.00000     30.90000      8.90000      0.00000
0942 10 13 11.96 -01 29 46.6     19.80000      0.98000    -70.00000      9.30000      0.00000
0943 10 13 06.51 -01 34 53.9     19.81000      0.67000    -35.60000      8.80000      0.00000
0944 10 13 50.28 -01 27 12.6     20.30000      0.70000    -68.20000      4.60000      0.00000
0945 10 12 52.07 -01 26 08.9      0.00000      0.00000    197.70000      5.70000      0.74500
0946 10 13 31.85 -01 25 34.4     19.53000      0.89000    225.30000      8.30000      0.98800
0947 10 13 49.03 -01 24 55.8     19.56000      0.91000    -84.40000      8.70000      0.00000
